,p1_Q,p7_S,p19_L,p19_V,p25_E,p26_Y,p27_T,p31_M,p35_I,p36_M,p39_L,p42_ILV,p48_V,p49_I,p49_M,p50_F,p52_T,p56_G,p56_V,p60_V,p60_Y,p64_T,p69_R,p81_V,p84_L,p84_T,p87_C,p87_V,p88_I,p93_V,p94_T,p95_L,p96_T,p96_Y,p98_C,p100_V,p100_Y,p103_M,p104_S,p104_V,p108_L,p108_T,p109_G,p110_R,p111_T,p111_V,p112_M,p112_V,p119_I,p119_L,p122_Q,p123_V,p124_S,p133_V,p150_G,p153_S,p154_M,p157_I,p157_V,p158_L,p162_F,p162_V,p165_L,p166_S,p169_V,p179_L,p183_M,p185_T,p185_V,p195_H,p195_N,p198_T,p198_Y,p205_M,p209_S,p209_V,p210_V,p213_F,p217_T,p218_L,p218_T,p228_L,p241_E,p248_R,p255_L,p259_L,p263_I,p269_T,p271_Y,p273_G,p277_F,p277_L,p279_R,p282_S,p284_S,p284_T,p286_L,p286_M,p286_Q,p287_S,p287_T,p288_M,p289_S,p290_V,p292_S,p295_S,p301_Y,p303_P,p304_V,p315_N,p315_S,p319_N,p320_T,p322_F,p325_K,p326_S,p327_P,p328_GAP,p333_S,p334_S,p352_S
p1_Q,0.0,0.9385163278952544,0.8673526935143854,0.7284623066791477,0.9030020507921037,0.8810534829825484,0.9284435348764848,0.16858900678945998,0.16858900678945998,0.09452085992095904,0.9284435348764848,0.9385163278952544,0.9501864518613281,0.8474777809783594,0.8741389106002782,0.9193548387096775,0.16858900678945998,0.2790885895973447,0.9385163278952544,0.9109364780250122,0.8344120933198632,0.09452085992095904,0.09452085992095904,0.8954297502914356,0.9109364780250123,0.9284435348764848,0.16858900678945998,0.4474608256688881,0.8540462558370647,0.8474777809783594,0.9385163278952544,0.9837309633043583,0.2934293923317648,0.3220048530005257,0.9385163278952544,0.9284435348764848,0.16858900678945998,0.9385163278952544,0.9501864518613281,0.8474777809783592,0.7738566074611399,0.6749262084285638,0.16858900678945998,2.220446049250313e-16,0.9501864518613281,0.9385163278952544,0.9193548387096775,0.16858900678945998,0.9501864518613281,0.8881344363168293,0.8540462558370647,0.8344120933198633,0.8474777809783594,0.5129767450584213,0.16858900678945998,0.9385163278952544,0.9284435348764848,0.8810534829825485,0.7593777022860211,2.220446049250313e-16,0.8954297502914355,0.7030056479303177,0.8081243389986306,0.8213325910784155,0.7738566074611397,0.9284435348764848,0.9193548387096775,0.9385163278952544,0.9284435348764848,0.8810534829825485,0.8741389106002782,0.8810534829825485,0.8474777809783594,0.579104744923028,0.9193548387096775,0.8338314614323572,0.736476861652635,0.43225806451612914,0.8014388676062434,0.09452085992095904,0.9030020507921037,0.09452085992095904,0.7364768616526352,0.7117484535051095,0.09452085992095904,0.860663802742472,0.8147512755488568,0.9501864518613281,0.9501864518613281,0.9501864518613281,0.8881344363168293,0.09452085992095904,0.9030020507921037,0.16858900678945998,0.8741389106002782,0.2790885895973446,0.4712563073916455,0.9501864518613281,0.9284435348764848,0.9501864518613281,0.16858900678945998,0.16858900678945998,0.3920331786076,0.8409388710031636,0.8540462558370647,0.860663802742472,0.9030020507921037,0.09452085992095904,0.720226440166724,0.7946821361402242,0.9385163278952544,0.9385163278952544,0.09452085992095904,0.854046255837065,0.5129767450584213,0.9385163278952544,0.5129767450584213,0.5129767450584212,0.8810534829825485,0.860663802742472,0.7666858686856544
p7_S,0.9385163278952544,0.0,0.5364875945565213,0.7735722383407899,0.3661343089536122,0.9093154687362486,0.14076705719577987,0.9260490027112547,0.9260490027112547,0.9320981904681112,0.9454455274410019,0.953125,0.9620222737343624,0.7700189296158428,0.9040438158026576,0.2376024659011544,0.9260490027112547,0.9147139700973734,0.0,0.3096649364257963,0.6286946713837471,0.9320981904681112,0.932098190468111,0.41203475868041317,0.3096649364257962,0.14076705719577987,0.9260490027112547,0.8887252253576845,0.5787454959969482,0.5968871125850725,0.0,0.883717436322617,0.9320981904681112,0.9093154687362486,0.953125,0.14076705719577998,0.9260490027112547,0.0,0.9620222737343624,0.5968871125850725,0.728120855469256,0.8108624143228282,0.9260490027112548,0.9385163278952544,0.9620222737343624,0.0,0.2376024659011544,0.9260490027112547,0.9620222737343624,0.9147139700973733,0.578745495996948,0.628694671383747,0.883717436322617,0.8737561882704739,0.9260490027112547,0.953125,0.14076705719577987,0.48309817179661674,0.7444805710490323,0.9385163278952544,0.41203475868041317,0.7929803321972937,0.679565027769172,0.6558763991941576,0.728120855469256,0.14076705719577987,0.9385163278952544,0.0,0.9454455274410019,0.9093154687362486,0.5114957895408025,0.9093154687362486,0.5968871125850725,0.41203475868041295,0.2376024659011544,0.7802377317521167,0.7666858686856544,0.9385163278952544,0.6903539410582111,0.9320981904681112,0.36613430895361243,0.9320981904681112,0.7666858686856542,0.7867013278770546,0.9320981904681112,0.5587386959390861,0.858766829283492,0.9620222737343624,0.9620222737343624,0.9620222737343624,0.4503789184052951,0.9320981904681112,0.36613430895361243,0.9260490027112547,0.5114957895408025,0.9147139700973734,0.883717436322617,0.9620222737343624,0.14076705719577987,0.9620222737343624,0.9260490027112547,0.9260490027112548,0.8988700206305136,0.6134588475983443,0.8887252253576845,0.5587386959390861,0.36613430895361243,0.932098190468111,0.7802377317521167,0.7005439714357409,0.0,0.0,0.932098190468111,0.5787454959969482,0.873756188270474,0.0,0.873756188270474,0.8737561882704741,0.48309817179661674,0.5587386959390861,0.736476861652635
p19_L,0.8673526935143854,0.5364875945565213,0.0,0.5114957895408025,0.7777768759037058,0.8043536047821926,0.6248376974604815,0.8404551929565067,0.8404551929565067,0.8535059499283049,0.4605509375248752,0.5364875945565211,0.6244661919005947,0.8773511718656267,0.7929803321972937,0.540156004183203,0.8404551929565067,0.9557038349514057,0.5364875945565213,0.3285689371713969,0.19893119524817093,0.8535059499283049,0.8535059499283048,0.8118750783853677,0.6012106414714964,0.4605509375248754,0.8404551929565067,0.8571020233152811,0.8571020233152812,0.13030830959262563,0.5364875945565208,0.7491273969978729,0.8535059499283049,0.9135895087788017,0.5364875945565211,0.46055093752487564,0.9677111700031027,0.5364875945565213,0.6244661919005947,0.22368866737675086,0.9725793802762096,0.6705090011558597,0.8404551929565068,0.8673526935143854,0.6244661919005947,0.5364875945565213,0.540156004183203,0.8404551929565067,0.6244661919005947,0.9557038349514058,0.18691051266394942,0.28838387844545854,0.8773511718656267,0.8170892895816657,0.8404551929565067,0.7247017228275094,0.6248376974604815,0.21252325924832538,0.4487322756626284,0.8673526935143854,0.45175022843735746,0.7092236842504778,0.476501127314257,0.3439326948564988,0.9725793802762095,0.6248376974604815,0.688278829758806,0.5364875945565213,0.6248376974604815,0.8043536047821926,0.2613161853403433,0.8043536047821926,0.317069025160876,0.571791845086694,0.540156004183203,0.6815933228118491,0.8869767817884615,0.8673526935143854,0.9950515358731653,0.8535059499283049,0.26875296771732304,0.8535059499283049,0.8788204670721651,0.9291138419398643,0.8535059499283049,0.1464369461467887,0.6952979703285849,0.9180653509601298,0.6244661919005947,0.9180653509601298,0.38496478528682554,0.8535059499283049,0.26875296771732304,0.8404551929565067,0.05115985590426253,0.9301483551156782,0.7491273969978727,0.6244661919005947,0.4605509375248754,0.6244661919005947,0.8404551929565067,0.8404551929565068,0.7106060606060606,0.4399526137313824,0.8556730435484341,0.04800540637369888,0.26875296771732304,0.8535059499283048,0.5258761887125345,0.9082303576037217,0.5364875945565213,0.5364875945565213,0.8535059499283048,0.8571020233152812,0.9959946559762408,0.5364875945565213,0.9959946559762408,0.9959946559762409,0.21252325924832538,0.34330002569296814,0.6695388896488037
p19_V,0.7284623066791477,0.7735722383407899,0.5114957895408025,0.0,0.6427827458441197,0.5994990605425929,0.7364768616526352,0.7710893514184767,0.7710893514184767,0.700117118880122,0.7364768616526352,0.7735722383407899,0.8165501535736643,0.8684021485528943,0.6568804271392428,0.8167120570084245,0.7710893514184767,0.8862176262709,0.7735722383407899,0.6720030987751335,0.6648576747838905,0.700117118880122,0.7001171188801218,0.7991957755381044,0.7766497291659242,0.7364768616526352,0.7710893514184767,0.8760440210674347,0.9034679102118077,0.6533520010661604,0.7735722383407899,0.5581307914824826,0.8047637492709128,0.7672088289403822,0.7735722383407899,0.7364768616526352,0.7710893514184767,0.7735722383407899,0.8165501535736643,0.5816686185705826,0.47376439259573644,0.34561309164747256,0.7710893514184767,0.7284623066791477,0.8165501535736643,0.7735722383407899,0.8167120570084245,0.6734013676289095,0.8165501535736643,0.9385313613187621,0.6094838185841309,0.6648576747838906,0.9400855310484721,0.8708625902837008,0.7710893514184767,0.7735722383407899,0.8625915064331597,0.6458069816673553,0.3561871166396686,0.7284623066791477,0.7070458917097004,0.6241071428571425,0.6154414985298815,0.5408954995255548,0.7190359452641584,0.8625915064331597,0.9304184660865314,0.7735722383407899,0.7364768616526352,0.5994990605425929,0.6978139902173681,0.5994990605425929,0.7250353835617385,0.8913456593665086,0.7030056479303175,0.5075823196848663,0.5089437580898759,0.8421687157572546,0.459636933287217,0.700117118880122,0.6427827458441198,0.700117118880122,0.6288008371717642,0.5361282721669034,0.700117118880122,0.637984250438737,0.7680448502633285,0.832274426124493,0.8165501535736643,0.9921378637245857,0.7632803489084241,0.700117118880122,0.6427827458441198,0.7710893514184767,0.5364875945565211,0.7985921200657311,0.8448643214647942,0.8165501535736643,0.7364768616526352,0.8165501535736643,0.7710893514184767,0.7710893514184767,0.9430078421130936,0.9048108822540364,0.8760440210674347,0.5624233307483799,0.6427827458441198,0.7001171188801218,0.44781423167560197,0.7473303886020364,0.7735722383407899,0.7735722383407899,0.7001171188801218,0.8299718873048887,0.8021942851170974,0.7735722383407899,0.8021942851170974,0.8021942851170976,0.6458069816673553,0.713545170129094,0.6890395064137107
p25_E,0.9030020507921037,0.3661343089536122,0.7777768759037058,0.6427827458441197,0.0,0.8569341541201747,0.46823323897310853,0.8833333333333333,0.8833333333333333,0.892876660638003,0.9139337034176129,0.9260490027112548,0.9400855310484721,0.832274426124493,0.8486174822951252,0.5399525837568349,0.8833333333333333,0.8654509447232643,0.3661343089536122,0.5944616438438683,0.8627603049640613,0.892876660638003,0.892876660638003,0.523853916516383,0.5944616438438683,0.46823323897310853,0.8833333333333333,0.8244505480985682,0.8154939434097199,0.832274426124493,0.3661343089536123,0.8165501535736643,0.892876660638003,0.8569341541201747,0.9260490027112548,0.46823323897310853,0.8833333333333333,0.3661343089536122,0.9400855310484723,0.8322744261244931,0.6712093693016996,0.70161252084027,0.8833333333333333,0.9030020507921037,0.9400855310484723,0.3661343089536122,0.5399525837568349,0.8833333333333333,0.9400855310484721,0.8654509447232641,0.8154939434097197,0.8627603049640613,0.8165501535736646,0.8627603049640615,0.8833333333333333,0.9260490027112548,0.46823323897310853,0.7322624884248985,0.6958195794597983,0.9030020507921037,0.5238539165163831,0.6734013676289095,0.8100356255216898,0.8901280459699901,0.5710776772253991,0.46823323897310853,0.9030020507921037,0.3661343089536122,0.9139337034176129,0.8569341541201747,0.7562151662934489,0.8569341541201747,0.7152159526905455,0.6743340466739411,0.5399525837568349,0.9461010071103995,0.7297815578356125,0.9030020507921037,0.6153998597019656,0.892876660638003,0.6380952380952378,0.892876660638003,0.6319186625652669,0.6634954768243864,0.892876660638003,0.7974186392930624,0.8838192199305406,0.9400855310484721,0.9400855310484723,0.9400855310484721,0.7052734979652455,0.892876660638003,0.6380952380952378,0.8833333333333333,0.7562151662934489,0.8654509447232643,0.8165501535736643,0.9400855310484723,0.46823323897310853,0.9400855310484723,0.8833333333333333,0.8833333333333333,0.8404551929565068,0.8479731552281664,0.9444690509291389,0.7974186392930624,0.6380952380952378,0.892876660638003,0.848500128094096,0.8358772156300902,0.3661343089536122,0.3661343089536122,0.892876660638003,0.8154939434097199,0.8008350767161379,0.3661343089536122,0.8008350767161379,0.8008350767161379,0.7322624884248985,0.6740281741352003,0.6837408637369642
p26_Y,0.8810534829825484,0.9093154687362486,0.8043536047821926,0.5994990605425929,0.8569341541201747,0.0,0.894458735523116,0.8569341541201747,0.8569341541201747,0.8686369329203226,0.894458735523116,0.9093154687362486,0.9265281641629355,0.7750393646670762,0.05493812595495884,0.8810534829825484,0.8569341541201747,0.8350053622385922,0.9093154687362486,0.8686369329203226,0.7557683009783178,0.8686369329203226,0.8686369329203227,0.8457654893676614,0.8686369329203227,0.8944587355231162,0.8569341541201747,0.7847274500284167,0.7847274500284169,0.7750393646670763,0.9093154687362486,0.22013646417919785,0.8686369329203226,0.824561403508772,0.9093154687362486,0.8944587355231162,0.8569341541201747,0.9093154687362486,0.9265281641629355,0.7750393646670763,0.6664527857763036,0.5205366985146158,0.8569341541201747,0.8810534829825484,0.9265281641629355,0.9093154687362486,0.8810534829825484,0.8569341541201747,0.9265281641629355,0.8350053622385922,0.7847274500284168,0.7557683009783178,0.7750393646670763,0.7557683009783178,0.8569341541201747,0.9093154687362485,0.8944587355231162,0.8245614035087719,0.6450973155503053,0.8810534829825484,0.8457654893676614,0.5619520974684606,0.7169955244509763,0.7364768616526352,0.6664527857763036,0.894458735523116,0.8810534829825485,0.9093154687362486,0.8944587355231162,0.0,0.8143628461697241,0.0,0.7750393646670762,0.8457654893676613,0.8810534829825484,0.5873516778528018,0.6113200226969042,0.8810534829825484,0.7071348765953472,0.8686369329203226,0.8569341541201747,0.8686369329203226,0.6113200226969042,0.5748471832422805,0.8686369329203226,0.7944879135578294,0.3579091172159612,0.5812105357287323,0.9265281641629355,0.9265281641629355,0.8350053622385922,0.8686369329203226,0.8569341541201747,0.8569341541201747,0.8143628461697242,0.8350053622385922,0.7750393646670762,0.9265281641629355,0.8944587355231162,0.9265281641629355,0.8569341541201747,0.8569341541201747,0.8043536047821925,0.7653948856407379,0.7847274500284169,0.7944879135578294,0.8569341541201747,0.8686369329203227,0.5873516778528018,0.6971691246339629,0.9093154687362486,0.9093154687362486,0.8686369329203227,0.784727450028417,0.7557683009783178,0.9093154687362486,0.7557683009783178,0.7557683009783178,0.8245614035087719,0.7944879135578294,0.6558763991941574
p27_T,0.9284435348764848,0.14076705719577987,0.6248376974604815,0.7364768616526352,0.46823323897310853,0.894458735523116,0.0,0.8801219440459609,0.8801219440459609,0.9209739220306401,0.9365079365079365,0.9454455274410019,0.9558004303912135,0.8330893117287638,0.8883234342899184,0.3524139906321866,0.8801219440459609,0.9145275462413921,0.14076705719577987,0.41718267497597017,0.5678641842985572,0.9209739220306401,0.9209739220306401,0.509978162049882,0.41718267497597017,0.2658730158730158,0.8801219440459609,0.974561560747786,0.6646751189480877,0.6819674723480498,0.14076705719577998,0.8646670095098083,0.8584116103048968,0.9287596464781034,0.9454455274410019,0.2658730158730158,0.9139337034176129,0.14076705719577987,0.9558004303912135,0.5308456329673357,0.8128486942468115,0.9070166877871595,0.8801219440459609,0.9284435348764848,0.9558004303912135,0.14076705719577987,0.3524139906321866,0.9139337034176129,0.9558004303912135,0.900741666602907,0.6646751189480875,0.5678641842985571,0.8646670095098083,0.9978393209214929,0.8801219440459609,0.9454455274410019,0.2658730158730158,0.5751964104805425,0.8303404084684196,0.9284435348764848,0.5099781620498818,0.8851792040057909,0.6270685674771195,0.739257200874084,0.8128486942468115,0.2658730158730158,0.9284435348764847,0.14076705719577987,0.9365079365079365,0.8944587355231162,0.6015177087162996,0.8944587355231162,0.6819674723480498,0.5099781620498818,0.3524139906321866,0.8702365475056266,0.8548027612103777,0.8318423069597392,0.7737645927008929,0.9209739220306401,0.46823323897310853,0.9209739220306401,0.8548027612103777,0.8777590664908077,0.9209739220306401,0.6457438145326333,0.8356287757594874,0.9558004303912135,0.9558004303912135,0.6740281741352003,0.5450659719299906,0.9209739220306401,0.46823323897310853,0.8801219440459609,0.6015177087162997,0.9145275462413921,0.9842111511094777,0.9558004303912135,0.2658730158730158,0.9558004303912135,0.8801219440459609,0.8801219440459609,0.8823020227327001,0.6978829625357503,0.8704952183523649,0.6457438145326333,0.46823323897310853,0.9209739220306401,0.8702365475056266,0.7841579926630351,0.14076705719577987,0.14076705719577987,0.9209739220306401,0.6646751189480877,0.9978393209214927,0.14076705719577987,0.9978393209214927,0.9978393209214929,0.5751964104805425,0.6457438145326333,0.8217330638365585
p31_M,0.16858900678945998,0.9260490027112547,0.8404551929565067,0.7710893514184767,0.8833333333333333,0.8569341541201747,0.8801219440459609,0.0,0.0,0.08179994832573989,0.9139337034176129,0.9260490027112547,0.9400855310484721,0.8165501535736643,0.8486174822951253,0.9030020507921037,0.0,0.13290608821659222,0.9260490027112547,0.892876660638003,0.9129699494894048,0.08179994832573989,0.08179994832573989,0.8742255628533842,0.892876660638003,0.9139337034176129,0.0,0.3354199320874369,0.8244505480985684,0.8165501535736643,0.9260490027112548,0.9336086270076118,0.08179994832573989,0.18452467848499543,0.9260490027112547,0.9139337034176129,0.1595238095238094,0.9260490027112547,0.9400855310484721,0.9336086270076118,0.728000478240497,0.6090095100665608,0.0,0.16858900678945998,0.9400855310484721,0.9260490027112547,0.9030020507921037,0.3190476190476188,0.9400855310484721,0.8654509447232643,0.8244505480985682,0.9748951777373283,0.8165501535736643,0.4142208138709935,0.0,0.9260490027112547,0.9139337034176129,0.8569341541201747,0.7105856192918469,0.16858900678945998,0.8742255628533842,0.6427827458441197,0.8744037193531835,0.7851033840295396,0.7280004782404967,0.8801219440459609,0.9030020507921037,0.9260490027112547,0.9139337034176129,0.8569341541201747,0.8486174822951253,0.8569341541201747,0.9336086270076118,0.6743340466739411,0.9030020507921037,0.7610963558406898,0.683041070542313,0.16858900678945998,0.7611757193310591,0.08179994832573989,0.8833333333333333,0.08179994832573989,0.6830410705423129,0.6532983700614889,0.08179994832573989,0.9558004303912135,0.7771875450722694,0.9400855310484721,0.9400855310484721,0.48644740898690453,0.8654509447232643,0.08179994832573989,0.8833333333333333,0.0,0.8486174822951253,0.13290608821659222,0.36404053238870293,0.9400855310484721,0.9139337034176129,0.9400855310484721,0.0,0.0,0.39600894476391857,0.8086853189388161,0.8244505480985684,0.8324099652333516,0.8833333333333333,0.08179994832573989,0.6634954768243863,0.7530488945462108,0.9260490027112547,0.9260490027112547,0.08179994832573989,0.8244505480985684,0.4142208138709935,0.9260490027112547,0.4142208138709935,0.4142208138709935,0.8569341541201747,0.8324099652333516,0.7193756959919544
p35_I,0.16858900678945998,0.9260490027112547,0.8404551929565067,0.7710893514184767,0.8833333333333333,0.8569341541201747,0.8801219440459609,0.0,0.0,0.08179994832573989,0.9139337034176129,0.9260490027112547,0.9400855310484721,0.8165501535736643,0.8486174822951253,0.9030020507921037,0.0,0.13290608821659222,0.9260490027112547,0.892876660638003,0.9129699494894048,0.08179994832573989,0.08179994832573989,0.8742255628533842,0.892876660638003,0.9139337034176129,0.0,0.3354199320874369,0.8244505480985684,0.8165501535736643,0.9260490027112548,0.9336086270076118,0.08179994832573989,0.18452467848499543,0.9260490027112547,0.9139337034176129,0.1595238095238094,0.9260490027112547,0.9400855310484721,0.9336086270076118,0.728000478240497,0.6090095100665608,0.0,0.16858900678945998,0.9400855310484721,0.9260490027112547,0.9030020507921037,0.3190476190476188,0.9400855310484721,0.8654509447232643,0.8244505480985682,0.9748951777373283,0.8165501535736643,0.4142208138709935,0.0,0.9260490027112547,0.9139337034176129,0.8569341541201747,0.7105856192918469,0.16858900678945998,0.8742255628533842,0.6427827458441197,0.8744037193531835,0.7851033840295396,0.7280004782404967,0.8801219440459609,0.9030020507921037,0.9260490027112547,0.9139337034176129,0.8569341541201747,0.8486174822951253,0.8569341541201747,0.9336086270076118,0.6743340466739411,0.9030020507921037,0.7610963558406898,0.683041070542313,0.16858900678945998,0.7611757193310591,0.08179994832573989,0.8833333333333333,0.08179994832573989,0.6830410705423129,0.6532983700614889,0.08179994832573989,0.9558004303912135,0.7771875450722694,0.9400855310484721,0.9400855310484721,0.48644740898690453,0.8654509447232643,0.08179994832573989,0.8833333333333333,0.0,0.8486174822951253,0.13290608821659222,0.36404053238870293,0.9400855310484721,0.9139337034176129,0.9400855310484721,0.0,0.0,0.39600894476391857,0.8086853189388161,0.8244505480985684,0.8324099652333516,0.8833333333333333,0.08179994832573989,0.6634954768243863,0.7530488945462108,0.9260490027112547,0.9260490027112547,0.08179994832573989,0.8244505480985684,0.4142208138709935,0.9260490027112547,0.4142208138709935,0.4142208138709935,0.8569341541201747,0.8324099652333516,0.7193756959919544
p36_M,0.09452085992095904,0.9320981904681112,0.8535059499283049,0.700117118880122,0.892876660638003,0.8686369329203226,0.9209739220306401,0.08179994832573989,0.08179994832573989,0.0,0.9209739220306401,0.9320981904681112,0.9449865315126713,0.8315563415317035,0.8610005644208045,0.9109364780250124,0.08179994832573989,0.20383432539403912,0.9320981904681112,0.901639344262295,0.8171267571490578,1.1102230246251565e-16,0.0,0.8845139053126764,0.9016393442622951,0.9209739220306401,0.08179994832573989,0.3897825473010015,0.8388104841927175,0.8315563415317035,0.932098190468111,0.9569532872803241,0.1830601092896177,0.25123051764583915,0.9320981904681112,0.9209739220306401,0.08179994832573989,0.9320981904681112,0.9449865315126713,0.8315563415317035,0.7502500250650503,0.6409925119389719,0.08179994832573989,0.09452085992095904,0.9449865315126713,0.9320981904681112,0.9109364780250124,0.25268718016511604,0.9449865315126713,0.8764570504921785,0.8388104841927175,0.9372493774531081,0.8315563415317035,0.46213752102664074,0.08179994832573989,0.9320981904681112,0.9209739220306401,0.8686369329203227,0.7342597006784999,0.09452085992095904,0.8845139053126763,0.6720030987751335,0.7880948853392467,0.8026819161112997,0.7502500250650503,0.8584116103048968,0.9109364780250123,0.9320981904681112,0.9209739220306401,0.8686369329203227,0.8610005644208045,0.8686369329203227,0.9569532872803244,0.6318880731841559,0.9109364780250124,0.7955748502804563,0.7089682945933338,0.2934293923317648,0.7807115331487107,1.1102230246251565e-16,0.892876660638003,1.1102230246251565e-16,0.7089682945933338,0.6816585454749089,1.1102230246251565e-16,0.9782988081485755,0.7954135923716892,0.9449865315126713,0.9449865315126713,0.7478549360997435,0.8764570504921785,1.1102230246251565e-16,0.892876660638003,0.08179994832573989,0.8610005644208045,0.20383432539403912,0.4160619839765721,0.9449865315126713,0.9209739220306401,0.9449865315126713,0.08179994832573989,0.08179994832573989,0.328568937171397,0.8243348499635765,0.8388104841927175,0.8461188214171724,0.892876660638003,0.0,0.6910215294315294,0.7732494822113151,0.9320981904681112,0.9320981904681112,0.0,0.8388104841927175,0.46213752102664074,0.9320981904681112,0.46213752102664074,0.46213752102664074,0.8686369329203227,0.8461188214171724,0.7423307495587592
p39_L,0.9284435348764848,0.9454455274410019,0.4605509375248752,0.7364768616526352,0.9139337034176129,0.894458735523116,0.9365079365079365,0.9139337034176129,0.9139337034176129,0.9209739220306401,0.0,0.14076705719577987,0.3038567786616143,0.8330893117287637,0.8883234342899184,0.8318423069597392,0.9139337034176129,0.9145275462413921,0.9454455274410019,0.41718267497597017,0.5678641842985572,0.9209739220306401,0.9209739220306401,0.9072147999147706,0.8584116103048967,0.7976190476190477,0.9139337034176129,0.8704952183523648,0.9745615607477859,0.5308456329673358,0.9454455274410019,0.8646670095098083,0.9209739220306401,0.9287596464781034,0.14076705719577987,0.7976190476190476,0.9139337034176129,0.9454455274410019,0.3038567786616144,0.6819674723480498,0.9421181528598387,0.9070166877871595,0.9139337034176129,0.9284435348764848,0.3038567786616144,0.9454455274410019,0.8318423069597392,0.9139337034176129,0.3038567786616143,0.7297967590856911,0.6646751189480874,0.7126296825585404,0.5308456329673359,0.9978393209214929,0.9139337034176129,0.4453628623168524,0.9365079365079365,0.9287596464781034,0.7026191429334094,0.9284435348764848,0.9072147999147706,0.7590645592252663,0.8986599368144346,0.7392572008740841,0.9421181528598387,0.9365079365079365,0.3524139906321868,0.9454455274410019,0.2658730158730159,0.8944587355231162,0.941623613378821,0.8944587355231162,0.8330893117287637,0.7042471747283311,0.8318423069597392,0.7442343545038439,0.7284623066791478,0.9284435348764848,0.957956251740874,0.9209739220306401,0.2622888864366828,0.9209739220306401,0.8925163297271625,0.8702365475056266,0.9209739220306401,0.6457438145326332,0.8356287757594874,0.9558004303912135,0.3038567786616144,0.9558004303912135,0.3603351847742896,0.9209739220306401,0.2622888864366828,0.9139337034176129,0.6015177087162995,0.9145275462413921,0.8646670095098083,0.3038567786616144,0.7976190476190477,0.3038567786616144,0.9139337034176129,0.9139337034176129,0.8823020227327001,0.9933842984496879,0.974561560747786,0.48644740898690453,0.2622888864366828,0.9209739220306401,0.7442343545038439,0.8178214249999929,0.9454455274410019,0.9454455274410019,0.9209739220306401,0.9745615607477859,0.7126296825585405,0.9454455274410019,0.7126296825585405,0.7126296825585405,0.9287596464781034,0.9643366256240906,0.9214092001860097
p42_ILV,0.9385163278952544,0.953125,0.5364875945565211,0.7735722383407899,0.9260490027112548,0.9093154687362486,0.9454455274410019,0.9260490027112547,0.9260490027112547,0.9320981904681112,0.14076705719577987,0.0,0.613893116299352,0.9431507466466129,0.9040438158026576,0.7868566033702152,0.9260490027112547,0.8736503260701827,0.953125,0.3096649364257962,0.6286946713837471,0.9320981904681112,0.932098190468111,0.92027589948209,0.8151561851631912,0.7499586674379253,0.9260490027112547,0.8887252253576845,0.8887252253576845,0.5968871125850725,0.953125,0.883717436322617,0.9320981904681112,0.9093154687362486,0.3489583333333335,0.7499586674379253,0.9260490027112547,0.953125,0.18980850633306656,0.7700189296158428,0.9756856049606653,0.9565200952466271,0.9260490027112548,0.9385163278952544,0.18980850633306656,0.953125,0.7868566033702153,0.9260490027112547,0.613893116299352,0.8736503260701827,0.7562552555454041,0.7945443848323401,0.5968871125850725,0.8737561882704741,0.9260490027112547,0.3489583333333335,0.9454455274410019,0.8881557447747066,0.7444805710490323,0.9385163278952544,0.9202758994820899,0.7929803321972937,0.8351385287797914,0.6558763991941574,0.8762176252542954,0.9454455274410019,0.5122295346356851,0.953125,0.4453628623168525,0.9093154687362486,0.9011360526451624,0.9093154687362486,0.9431507466466128,0.6345978726262456,0.7868566033702153,0.7802377317521167,0.7666858686856541,0.9385163278952544,0.9977063254893201,0.9320981904681112,0.36613430895361243,0.9320981904681112,0.9438317832021019,0.9245913785423929,0.9320981904681112,0.558738695939086,0.858766829283492,0.9620222737343624,0.18980850633306656,0.9620222737343624,0.45037891840529487,0.9320981904681112,0.36613430895361243,0.9260490027112547,0.5114957895408025,0.9147139700973734,0.883717436322617,0.18980850633306656,0.7499586674379253,0.18980850633306656,0.9260490027112547,0.9260490027112548,0.8988700206305136,0.9519981575448924,0.9337650150938598,0.558738695939086,0.36613430895361243,0.932098190468111,0.7802377317521167,0.8434661668868646,0.953125,0.953125,0.932098190468111,0.9337650150938598,0.7945443848323401,0.953125,0.7945443848323401,0.7945443848323401,0.8881557447747066,0.9237326141129285,0.969255633859474
p48_V,0.9501864518613281,0.9620222737343624,0.6244661919005947,0.8165501535736643,0.9400855310484721,0.9265281641629355,0.9558004303912135,0.9400855310484721,0.9400855310484721,0.9449865315126713,0.3038567786616143,0.613893116299352,0.0,0.6734013676289098,0.9222571157985759,0.9501864518613283,0.9400855310484721,0.9309019840442683,0.9620222737343624,0.7478549360997435,0.6991715812019066,0.9449865315126713,0.9449865315126713,0.9354082119201417,0.9449865315126713,0.9558004303912135,0.9400855310484721,0.909846124125091,0.8744285300313768,0.6734013676289097,0.9620222737343626,0.9057888560468008,0.9449865315126713,0.8273411857828985,0.18980850633306656,0.9558004303912135,0.9400855310484721,0.9620222737343624,0.5153846153846153,0.6734013676289097,0.959705944474832,0.8467623369516546,0.9400855310484723,0.9501864518613281,0.5153846153846153,0.9620222737343624,0.7160627756095708,0.9400855310484721,0.0,0.5547016749519504,0.6587031841878443,0.6991715812019066,0.6734013676289098,0.9007266217966292,0.9400855310484721,0.613893116299352,0.9558004303912135,0.9265281641629355,0.7929803321972937,0.9501864518613281,0.9354082119201417,0.832274426124493,0.929452801963365,0.9157773498943235,0.959705944474832,0.9558004303912135,0.38231200308046986,0.9620222737343624,0.3038567786616143,0.9265281641629355,0.9222571157985759,0.9265281641629355,0.8838062557910544,0.7941136754954515,0.7160627756095708,0.8219504796366142,0.8109708754568272,0.9501864518613281,0.8773511718656268,0.9449865315126713,0.4864474089869043,0.9449865315126713,0.8372249205322679,0.8219504796366144,0.9449865315126713,0.8642800707739282,0.8855740864618755,0.9692307692307691,0.5153846153846153,0.9692307692307691,0.5547016749519507,0.9449865315126713,0.4864474089869043,0.9400855310484721,0.8409804641334506,0.8118998454538412,0.9057888560468008,0.5153846153846153,0.9558004303912135,0.5153846153846153,0.9400855310484721,0.9400855310484723,0.9180653509601298,0.901749849842185,0.8744285300313768,0.6424938449654691,0.4864474089869044,0.9449865315126713,0.8219504796366142,0.8731776199406583,0.9620222737343624,0.9620222737343624,0.9449865315126713,0.909846124125091,0.6991715812019066,0.9620222737343624,0.6991715812019066,0.6991715812019066,0.9265281641629355,0.9139337034176129,0.8558846615754216
p49_I,0.8474777809783594,0.7700189296158428,0.8773511718656267,0.8684021485528943,0.832274426124493,0.7750393646670762,0.8330893117287638,0.8165501535736643,0.8165501535736643,0.8315563415317035,0.8330893117287637,0.9431507466466129,0.6734013676289098,0.0,0.761962003217789,0.7437626720436437,0.8165501535736643,0.7884313983372082,0.7700189296158428,0.7922528212224345,0.9840343505993552,0.8315563415317035,0.8315563415317035,0.8665044717506185,0.917649766971055,0.8330893117287638,0.8165501535736643,0.7239612572153282,0.30727420263084726,0.944871794871795,0.7700189296158428,0.7115384615384617,0.8315563415317035,0.875521781782449,0.7700189296158427,0.8330893117287638,0.8165501535736643,0.7700189296158428,0.8838062557910544,0.9448717948717951,0.619457145896666,0.6753402895478708,0.8165501535736643,0.8474777809783594,0.8838062557910544,0.7700189296158428,0.6075094897176445,0.8165501535736643,0.6734013676289098,0.9984328251728684,0.9237607281832811,0.9840343505993552,0.34358974358974415,0.7691121471291349,0.8165501535736643,0.9431507466466129,0.8330893117287638,0.9760041988978214,0.9078998568565078,0.8474777809783594,0.7560822446801422,0.6298141739780605,0.9769593816036226,0.9004056811857173,0.5459805717614401,0.8330893117287638,0.8800158543696428,0.7700189296158428,0.8330893117287637,0.7750393646670761,0.9480644370656993,0.7750393646670761,0.7730769230769232,0.8665044717506183,0.7437626720436435,0.5980758378359574,0.5648423377957201,0.8474777809783594,0.8418206081035838,0.8315563415317035,0.7152159526905456,0.8315563415317035,0.5648423377957201,0.6141100464329277,0.8315563415317035,0.991891595743158,0.8061361381151739,0.9057888560468008,0.8838062557910544,0.9057888560468008,0.7915657479914718,0.8315563415317035,0.7152159526905456,0.8165501535736643,0.9480644370656993,0.8934321117550381,0.6012820512820515,0.8838062557910544,0.8330893117287638,0.8838062557910544,0.8165501535736643,0.8165501535736643,0.7491273969978727,0.8809220842257548,0.8356912245329335,0.9013477482084223,0.7152159526905457,0.8315563415317035,0.6696953029024224,0.6341982293080441,0.7700189296158428,0.7700189296158428,0.8315563415317035,0.30727420263084737,0.8513966478863049,0.7700189296158428,0.8513966478863049,0.8513966478863049,0.9760041988978214,0.9175645567221065,0.638274684078461
p49_M,0.8741389106002782,0.9040438158026576,0.7929803321972937,0.6568804271392428,0.8486174822951252,0.05493812595495884,0.8883234342899184,0.8486174822951253,0.8486174822951253,0.8610005644208045,0.8883234342899184,0.9040438158026576,0.9222571157985759,0.761962003217789,0.0,0.8741389106002782,0.8486174822951253,0.8254139307776749,0.9040438158026576,0.8610005644208045,0.7415706783553493,0.8610005644208045,0.8610005644208045,0.9610544412219287,0.9978939479457698,0.8883234342899184,0.8486174822951253,0.7722132741952898,0.7722132741952898,0.761962003217789,0.9040438158026576,0.1748016111550017,0.8610005644208045,0.8143628461697241,0.9040438158026576,0.8883234342899184,0.8486174822951253,0.9040438158026576,0.9222571157985759,0.7619620032177891,0.6470630935559254,0.4926646448732589,0.8486174822951253,0.8741389106002782,0.9222571157985759,0.9040438158026576,0.8741389106002782,0.8486174822951253,0.9222571157985759,0.8254139307776749,0.7722132741952898,0.7415706783553491,0.761962003217789,0.7415706783553493,0.8486174822951253,0.9040438158026576,0.8883234342899184,0.8143628461697241,0.6244661919005943,0.8741389106002782,0.8367995632157013,0.6171507923869444,0.7005439714357411,0.7211577933840068,0.6470630935559252,0.8883234342899184,0.8741389106002782,0.9040438158026576,0.8883234342899184,0.05493812595495895,0.8035714285714286,0.05493812595495895,0.761962003217789,0.836799563215701,0.8741389106002782,0.5633636976794052,0.588725364997031,0.8741389106002782,0.7759060688219843,0.8610005644208045,0.8486174822951253,0.8610005644208045,0.588725364997031,0.550132294578781,0.8610005644208045,0.7825411308123769,0.3205832333117302,0.6042180440654772,0.9222571157985759,0.9222571157985759,0.8254139307776749,0.8610005644208045,0.8486174822951253,0.8486174822951253,0.8035714285714286,0.8254139307776749,0.761962003217789,0.9222571157985759,0.8883234342899184,0.9222571157985759,0.8486174822951253,0.8486174822951253,0.7929803321972937,0.751756873489025,0.7722132741952898,0.7825411308123769,0.8486174822951253,0.8610005644208045,0.563363697679405,0.6795650277691718,0.9040438158026576,0.9040438158026576,0.8610005644208045,0.7722132741952898,0.7415706783553493,0.9040438158026576,0.7415706783553493,0.7415706783553493,0.8143628461697241,0.7825411308123769,0.7180152627970937
p50_F,0.9193548387096775,0.2376024659011544,0.540156004183203,0.8167120570084245,0.5399525837568349,0.8810534829825484,0.3524139906321866,0.9030020507921037,0.9030020507921037,0.9109364780250124,0.8318423069597392,0.7868566033702152,0.9501864518613283,0.7437626720436437,0.8741389106002782,0.0,0.9030020507921037,0.9453101688660055,0.2376024659011544,0.29342939233176457,0.6434989773827644,0.9109364780250124,0.9109364780250123,0.579104744923028,0.2934293923317648,0.11269983246841031,0.9030020507921037,0.8540462558370647,0.5871594093676973,0.6075094897176444,0.2376024659011544,0.8474777809783594,0.9109364780250124,0.8810534829825484,0.9385163278952544,0.3524139906321867,0.9030020507921037,0.2376024659011544,0.9501864518613283,0.7437626720436434,0.7599400909972098,0.8665486539864631,0.9030020507921037,0.9193548387096775,0.9501864518613283,0.2376024659011544,0.432258064516129,0.9030020507921037,0.9501864518613283,0.8881344363168294,0.5871594093676973,0.7740212097071075,0.8800158543696427,0.8344120933198631,0.9030020507921037,0.9385163278952544,0.3524139906321866,0.4813931858039108,0.780002470661505,0.9193548387096775,0.579104744923028,0.7284623066791478,0.8245708242273193,0.6746372448059569,0.7599400909972097,0.3524139906321866,0.9193548387096775,0.2376024659011544,0.9284435348764848,0.8810534829825483,0.5125743265065313,0.8810534829825483,0.6075094897176445,0.579104744923028,0.432258064516129,0.7117484535051093,0.6939731296611245,0.9193548387096775,0.7147940098344221,0.9109364780250124,0.35427079527314753,0.9109364780250124,0.6939731296611246,0.7202264401667241,0.9109364780250124,0.5648423377957201,0.8147512755488568,0.9501864518613283,0.9501864518613283,0.9501864518613283,0.4456439844145098,0.9109364780250124,0.35427079527314753,0.9030020507921037,0.5125743265065315,0.8881344363168293,0.9837309633043583,0.9501864518613283,0.11269983246841031,0.9501864518613283,0.9030020507921037,0.9030020507921037,0.8673526935143854,0.6262063468574341,0.8540462558370647,0.5648423377957201,0.35427079527314764,0.9109364780250123,0.8253534747707427,0.8464579452874723,0.2376024659011544,0.2376024659011544,0.9109364780250123,0.447460825668888,0.8344120933198632,0.2376024659011544,0.8344120933198632,0.8344120933198631,0.4813931858039108,0.5648423377957201,0.6543494350898581
p52_T,0.16858900678945998,0.9260490027112547,0.8404551929565067,0.7710893514184767,0.8833333333333333,0.8569341541201747,0.8801219440459609,0.0,0.0,0.08179994832573989,0.9139337034176129,0.9260490027112547,0.9400855310484721,0.8165501535736643,0.8486174822951253,0.9030020507921037,0.0,0.13290608821659222,0.9260490027112547,0.892876660638003,0.9129699494894048,0.08179994832573989,0.08179994832573989,0.8742255628533842,0.892876660638003,0.9139337034176129,0.0,0.3354199320874369,0.8244505480985684,0.8165501535736643,0.9260490027112548,0.9336086270076118,0.08179994832573989,0.18452467848499543,0.9260490027112547,0.9139337034176129,0.1595238095238094,0.9260490027112547,0.9400855310484721,0.9336086270076118,0.728000478240497,0.6090095100665608,0.0,0.16858900678945998,0.9400855310484721,0.9260490027112547,0.9030020507921037,0.3190476190476188,0.9400855310484721,0.8654509447232643,0.8244505480985682,0.9748951777373283,0.8165501535736643,0.4142208138709935,0.0,0.9260490027112547,0.9139337034176129,0.8569341541201747,0.7105856192918469,0.16858900678945998,0.8742255628533842,0.6427827458441197,0.8744037193531835,0.7851033840295396,0.7280004782404967,0.8801219440459609,0.9030020507921037,0.9260490027112547,0.9139337034176129,0.8569341541201747,0.8486174822951253,0.8569341541201747,0.9336086270076118,0.6743340466739411,0.9030020507921037,0.7610963558406898,0.683041070542313,0.16858900678945998,0.7611757193310591,0.08179994832573989,0.8833333333333333,0.08179994832573989,0.6830410705423129,0.6532983700614889,0.08179994832573989,0.9558004303912135,0.7771875450722694,0.9400855310484721,0.9400855310484721,0.48644740898690453,0.8654509447232643,0.08179994832573989,0.8833333333333333,0.0,0.8486174822951253,0.13290608821659222,0.36404053238870293,0.9400855310484721,0.9139337034176129,0.9400855310484721,0.0,0.0,0.39600894476391857,0.8086853189388161,0.8244505480985684,0.8324099652333516,0.8833333333333333,0.08179994832573989,0.6634954768243863,0.7530488945462108,0.9260490027112547,0.9260490027112547,0.08179994832573989,0.8244505480985684,0.4142208138709935,0.9260490027112547,0.4142208138709935,0.4142208138709935,0.8569341541201747,0.8324099652333516,0.7193756959919544
