,p1_P,p1_Q,p7_Q,p14_N,p19_L,p19_V,p31_M,p32_V,p35_I,p35_W,p36_M,p39_I,p39_L,p42_F,p42_IL,p49_C,p52_T,p56_G,p60_V,p60_Y,p64_T,p69_R,p87_C,p88_C,p93_V,p94_T,p96_T,p96_Y,p98_C,p98_S,p100_V,p100_Y,p104_S,p104_V,p108_T,p109_G,p110_R,p111_T,p112_M,p122_Q,p124_S,p133_V,p150_G,p153_S,p154_G,p157_V,p158_L,p162_M,p162_V,p165_L,p166_S,p169_V,p183_M,p185_V,p209_S,p209_V,p210_V,p213_C,p213_F,p218_L,p218_T,p228_L,p228_M,p255_L,p259_F,p263_L,p271_Y,p273_G,p277_F,p277_L,p279_R,p282_S,p284_S,p284_T,p286_L,p286_M,p287_S,p287_T,p288_M,p289_S,p292_S,p295_S,p301_Y,p303_P,p304_V,p320_T
p1_P,0.0,0.9387755102040816,0.37263566739022846,0.9505128340694606,0.8644738145642124,0.7796426675236942,0.31488121095532584,0.6599319795931977,0.31488121095532584,0.6993689823947706,0.31488121095532584,0.41971154252600285,0.9505128340694606,0.41971154252600285,0.9505128340694606,0.37263566739022846,0.31488121095532584,0.5730419140736087,0.9387755102040816,0.8718357201550556,0.31488121095532584,0.31488121095532584,0.31488121095532584,0.8792636778959262,0.8571428571428572,0.9505128340694606,0.14285714285714302,0.41971154252600273,0.9505128340694606,0.8644738145642124,0.9505128340694606,0.31488121095532584,0.9505128340694606,0.8644738145642124,0.7327387580875756,0.31488121095532584,0.9387755102040816,0.9505128340694606,0.9505128340694606,0.8424540095513269,0.9024099927051465,0.5923472580522822,0.31488121095532584,0.9387755102040816,0.0,0.7709189355036363,0.31488121095532584,0.9505128340694606,0.7796426675236942,0.9363663709732324,0.8275540393936522,0.8275540393936522,0.9285714285714286,0.9387755102040816,0.9285714285714286,0.8981861935571717,0.8350427802315353,0.9192953310191383,0.14285714285714302,0.31488121095532584,0.9285714285714286,0.31488121095532584,0.9505128340694606,0.761904761904762,0.761904761904762,0.8792636778959262,0.9505128340694606,0.0,0.9387755102040816,0.31488121095532584,0.9285714285714286,0.31488121095532584,0.8644738145642124,0.31488121095532584,0.4929074471628899,0.9505128340694606,0.9505128340694606,0.31488121095532584,0.41971154252600273,0.5482460485473744,0.8718357201550555,0.8644738145642124,0.9387755102040817,0.41971154252600273,0.7428571428571428,0.31488121095532584
p1_Q,0.9387755102040816,0.0,0.9024099927051465,0.9505128340694606,0.8644738145642124,0.7796426675236942,0.31488121095532595,0.6599319795931976,0.31488121095532595,0.6993689823947706,0.31488121095532595,0.41971154252600285,0.9505128340694606,0.41971154252600285,0.9505128340694606,0.37263566739022846,0.31488121095532595,0.31488121095532584,0.9387755102040816,0.8718357201550556,0.31488121095532595,0.31488121095532584,0.31488121095532595,0.8792636778959262,0.8571428571428572,0.9505128340694606,0.761904761904762,0.41971154252600273,0.9505128340694606,0.8644738145642124,0.9505128340694606,0.31488121095532595,0.9505128340694606,0.8644738145642124,0.7327387580875756,0.31488121095532584,0.0,0.9505128340694606,0.9505128340694606,0.9754928459302064,0.9024099927051468,0.5923472580522822,0.31488121095532595,0.9387755102040816,0.9387755102040816,0.7709189355036363,0.31488121095532595,0.9505128340694606,0.7796426675236942,0.7709189355036363,0.8275540393936522,0.8275540393936522,0.9285714285714286,0.9387755102040816,0.9285714285714286,0.9363663709732324,0.8350427802315353,0.5211522973802203,0.761904761904762,0.31488121095532595,0.9285714285714286,0.31488121095532595,0.9505128340694606,0.1428571428571428,0.1428571428571429,0.8792636778959262,0.9505128340694606,0.9387755102040816,0.9387755102040816,0.31488121095532595,0.9285714285714286,0.31488121095532595,0.8644738145642124,0.31488121095532595,0.4929074471628899,0.9505128340694606,0.9505128340694606,0.31488121095532595,0.41971154252600273,0.5482460485473744,0.8718357201550555,0.8644738145642124,0.9387755102040817,0.41971154252600273,0.7428571428571429,0.31488121095532584
p7_Q,0.37263566739022846,0.9024099927051465,0.0,0.9211189362253385,0.7839753100530713,0.7622019417280043,0.6133704594106721,0.9316733281924343,0.6133704594106721,0.9801254758959927,0.6133704594106721,0.6996875124348136,0.9211189362253385,0.6996875124348136,0.9211189362253385,0.6603174603174602,0.6133704594106721,0.7897277937145761,0.9024099927051465,0.7957099675848734,0.6133704594106721,0.6133704594106721,0.6133704594106721,0.8075499102701247,0.7722899829786756,0.9211189362253385,0.47951996109411565,0.6996875124348136,0.9211189362253385,0.7839753100530713,0.9211189362253385,0.6133704594106721,0.9211189362253385,0.7839753100530713,0.5739935663848708,0.6133704594106721,0.9024099927051465,0.9211189362253385,0.9211189362253385,0.8732423727442957,0.8444444444444446,0.6042654927671548,0.6133704594106721,0.9024099927051465,0.37263566739022846,0.6348516283298892,0.6133704594106721,0.9211189362253385,0.897463222579965,0.9739179734521349,0.7251262916254895,0.7251262916254895,0.8861449914893378,0.9024099927051465,0.8861449914893378,0.6870156814256194,0.737063120751128,0.8713591691686733,0.47951996109411565,0.6133704594106721,0.8861449914893378,0.6133704594106721,0.9211189362253385,0.9024099927051467,0.9024099927051467,0.8075499102701247,0.9211189362253385,0.37263566739022846,0.9024099927051465,0.6133704594106721,0.8861449914893378,0.6133704594106721,0.7839753100530713,0.6133704594106721,0.7635613183318675,0.9211189362253385,0.9211189362253385,0.6133704594106721,0.6996875124348136,0.8148359800454896,0.7957099675848736,0.7839753100530713,0.9024099927051467,0.6996875124348136,0.590121969361616,0.6133704594106721
p14_N,0.9505128340694606,0.9505128340694606,0.9211189362253385,0.0,0.6348516283298891,0.7754231031279137,0.9277684881485384,0.8544786249782002,0.9277684881485384,0.8353890216493796,0.9277684881485384,0.9147197134577558,0.0,0.9147197134577558,0.0,0.9211189362253385,0.9277684881485384,0.9277684881485384,0.19170962313452378,0.613877080334631,0.9277684881485384,0.9277684881485384,0.9277684881485384,0.5901219693616159,0.6535898384862247,0.5200000000000002,0.9422649730810375,0.9147197134577558,0.0,0.6348516283298891,0.5200000000000001,0.9277684881485384,0.0,0.6348516283298888,0.8148359800454896,0.9277684881485384,0.9505128340694606,0.0,0.5199999999999999,0.6858874936162733,0.49290744716289003,0.8786046042666231,0.9277684881485384,0.19170962313452378,0.9505128340694606,0.7839753100530713,0.9277684881485384,0.52,0.7754231031279137,0.7839753100530713,0.7130279784082243,0.7130279784082243,0.30717967697244886,0.19170962313452378,0.30717967697244886,0.8148359800454896,0.7,0.38681161132976394,0.9422649730810375,0.9277684881485384,0.30717967697244897,0.9277684881485384,0.0,0.9422649730810375,0.9422649730810375,0.5901219693616159,0.0,0.9505128340694606,0.19170962313452378,0.9277684881485384,0.30717967697244897,0.9277684881485384,0.6348516283298891,0.9277684881485384,0.9024099927051465,0.0,0.0,0.9277684881485384,0.9147197134577558,0.8904554884989668,0.6138770803346307,0.6348516283298891,0.1917096231345239,0.9147197134577558,0.8075499102701247,0.9277684881485384
p19_L,0.8644738145642124,0.8644738145642124,0.7839753100530713,0.6348516283298891,0.0,0.3849708384432353,0.802185857981264,0.6014733015069571,0.802185857981264,0.5491942697218535,0.802185857981264,0.8929563951777906,0.6348516283298891,0.9805375263959619,0.6348516283298891,0.9177048800202177,0.802185857981264,0.9450516272170177,0.5482460485473744,0.05432090903444964,0.802185857981264,0.802185857981264,0.802185857981264,0.10912919362525164,0.051316701949486565,0.6348516283298893,0.841886116991581,0.7664503167515431,0.6348516283298891,0.10833333333333339,0.6348516283298893,0.802185857981264,0.6348516283298891,0.21666666666666679,0.5844658247584795,0.802185857981264,0.8644738145642124,0.6348516283298891,0.6348516283298891,0.1397674732957368,0.9485655500126361,0.6675450168978156,0.802185857981264,0.7440060941768455,0.8644738145642124,0.4083920216900383,0.802185857981264,0.8721980699154612,0.5687726568395097,0.49995039928562757,0.2140947520066243,0.9101822573721856,0.8155338031568446,0.7440060941768455,0.6442437632310571,0.6760242023540688,0.9315346803118542,0.7141641595958013,0.841886116991581,0.802185857981264,0.6442437632310573,0.802185857981264,0.6348516283298891,0.841886116991581,0.841886116991581,0.10912919362525164,0.6348516283298891,0.8644738145642124,0.5482460485473744,0.802185857981264,0.6442437632310573,0.802185857981264,0.0,0.802185857981264,0.7327387580875757,0.6348516283298891,0.6348516283298891,0.802185857981264,0.7664503167515431,0.6499999999999999,0.9398204214840105,0.0,0.5482460485473744,0.7664503167515431,0.4729537233052703,0.802185857981264
p19_V,0.7796426675236942,0.7796426675236942,0.7622019417280043,0.7754231031279137,0.3849708384432353,0.0,0.6783662395486616,0.9968696610315178,0.6783662395486616,0.9772365623712682,0.6783662395486616,0.8348967058963834,0.7754231031279137,0.8348967058963834,0.7754231031279137,0.7622019417280043,0.6783662395486616,0.7995615695738036,0.7221581460081363,0.41837978158169353,0.6783662395486616,0.6783662395486616,0.6783662395486616,0.4520884748999394,0.4411227074876303,0.7754231031279137,0.7429164454443098,0.6202624235616816,0.7754231031279137,0.4768717476413724,0.7754231031279137,0.6783662395486616,0.7754231031279137,0.5687726568395097,0.3308392480546787,0.6783662395486616,0.7796426675236942,0.7754231031279137,0.7754231031279137,0.45597534118744876,0.989091832189358,0.8086245970078132,0.6783662395486616,0.7221581460081361,0.7796426675236942,0.2710927523452752,0.6783662395486616,0.976767907220129,0.6236881559220392,0.659444974456399,0.3825124558572408,0.7952290663382624,0.9664673624492577,0.7221581460081363,0.6758511703428256,0.6415210257435779,0.5869850172467379,0.896441200173371,0.7429164454443098,0.6783662395486616,0.8211592663960416,0.6783662395486616,0.7754231031279137,0.7429164454443098,0.7429164454443098,0.4520884748999394,0.7754231031279137,0.7796426675236942,0.7221581460081363,0.6783662395486616,0.8211592663960416,0.6783662395486616,0.3849708384432353,0.6783662395486616,0.663695684593756,0.7754231031279137,0.7754231031279137,0.6783662395486616,0.6202624235616818,0.9363762936320588,0.9872371738905075,0.3849708384432353,0.7221581460081363,0.6202624235616818,0.3755477718328456,0.6783662395486616
p31_M,0.31488121095532584,0.31488121095532595,0.6133704594106721,0.9277684881485384,0.802185857981264,0.6783662395486616,0.0,0.5036364118972838,0.0,0.5611986966166445,0.0,0.15301044614008041,0.9277684881485384,0.15301044614008064,0.9277684881485384,0.08429845649896017,0.0,0.18840579710144933,0.9106366796898251,0.8129313019955913,0.0,0.0,0.0,0.8237731557874397,0.7914855859429253,0.9277684881485385,0.20069474611454696,0.15301044614008052,0.9277684881485384,0.802185857981264,0.9277684881485384,0.0,0.9277684881485384,0.802185857981264,0.6099052511972531,0.0,0.31488121095532595,0.9277684881485384,0.9277684881485384,0.9029081974496802,0.8575575376776161,0.40498969161808207,0.0,0.9106366796898251,0.31488121095532584,0.6656330724547883,0.0,0.9277684881485384,0.6783662395486615,0.7863766851794481,0.7482977209736061,0.7482977209736061,0.8957427929714626,0.9106366796898251,0.8957427929714625,0.9721360893712324,0.7592282938284615,0.7094350352045619,0.20069474611454696,0.0,0.8957427929714625,0.0,0.9277684881485384,0.20069474611454674,0.20069474611454696,0.8237731557874397,0.9277684881485384,0.31488121095532584,0.9106366796898251,0.0,0.8957427929714625,0.0,0.802185857981264,0.0,0.25984725430724653,0.9277684881485384,0.9277684881485384,0.0,0.15301044614008052,0.34061952660421324,0.8129313019955913,0.802185857981264,0.9106366796898251,0.15301044614008052,0.6246740546972654,0.0
p32_V,0.6599319795931977,0.6599319795931976,0.9316733281924343,0.8544786249782002,0.6014733015069571,0.9968696610315178,0.5036364118972838,0.0,0.5036364118972838,0.1159679841532788,0.5036364118972838,0.5260029508378989,0.8544786249782002,0.6380386170034864,0.8544786249782002,0.5763746347930929,0.5036364118972838,0.6301604637666036,0.8199639891963986,0.6231216340435969,0.5036364118972838,0.5036364118972838,0.5036364118972838,0.6449641987516368,0.579915974791597,0.8544786249782003,0.6032539761920639,0.6380386170034864,0.8544786249782002,0.6014733015069571,0.8544786249782002,0.5036364118972838,0.8544786249782002,0.6014733015069571,0.81287970285872,0.5036364118972838,0.6599319795931976,0.8544786249782002,0.8544786249782002,0.715169897990855,0.9498937740077853,0.4391865108432852,0.5036364118972838,0.9933319995998666,0.6599319795931977,0.8627784487630614,0.5036364118972838,0.8544786249782002,0.6775750862463259,0.8939651649532746,0.8375978098756969,0.6453666460550931,0.7899579873957986,0.9933319995998666,0.941654996498833,0.81287970285872,0.6092481596636854,0.9630836807170886,0.6032539761920639,0.5036364118972838,0.7899579873957985,0.5036364118972838,0.8544786249782002,0.6032539761920637,0.6032539761920639,0.6449641987516368,0.8544786249782002,0.6599319795931977,0.8199639891963986,0.5036364118972838,0.7899579873957985,0.5036364118972838,0.6014733015069571,0.5036364118972838,0.32937681986420264,0.8544786249782002,0.8544786249782002,0.5036364118972838,0.4139672846723115,0.8228770228919808,0.9809657390931109,0.6014733015069571,0.8199639891963987,0.4139672846723115,0.9471005301589419,0.5036364118972838
p35_I,0.31488121095532584,0.31488121095532595,0.6133704594106721,0.9277684881485384,0.802185857981264,0.6783662395486616,0.0,0.5036364118972838,0.0,0.5611986966166445,0.0,0.15301044614008041,0.9277684881485384,0.15301044614008064,0.9277684881485384,0.08429845649896017,0.0,0.18840579710144933,0.9106366796898251,0.8129313019955913,0.0,0.0,0.0,0.8237731557874397,0.7914855859429253,0.9277684881485385,0.20069474611454696,0.15301044614008052,0.9277684881485384,0.802185857981264,0.9277684881485384,0.0,0.9277684881485384,0.802185857981264,0.6099052511972531,0.0,0.31488121095532595,0.9277684881485384,0.9277684881485384,0.9029081974496802,0.8575575376776161,0.40498969161808207,0.0,0.9106366796898251,0.31488121095532584,0.6656330724547883,0.0,0.9277684881485384,0.6783662395486615,0.7863766851794481,0.7482977209736061,0.7482977209736061,0.8957427929714626,0.9106366796898251,0.8957427929714625,0.9721360893712324,0.7592282938284615,0.7094350352045619,0.20069474611454696,0.0,0.8957427929714625,0.0,0.9277684881485384,0.20069474611454674,0.20069474611454696,0.8237731557874397,0.9277684881485384,0.31488121095532584,0.9106366796898251,0.0,0.8957427929714625,0.0,0.802185857981264,0.0,0.25984725430724653,0.9277684881485384,0.9277684881485384,0.0,0.15301044614008052,0.34061952660421324,0.8129313019955913,0.802185857981264,0.9106366796898251,0.15301044614008052,0.6246740546972654,0.0
p35_W,0.6993689823947706,0.6993689823947706,0.9801254758959927,0.8353890216493796,0.5491942697218535,0.9772365623712682,0.5611986966166445,0.1159679841532788,0.5611986966166445,0.0,0.5611986966166445,0.5905562507825819,0.8353890216493796,0.6991841842484274,0.8353890216493796,0.6356337247598676,0.5611986966166445,0.6838743298205934,0.7963467300093607,0.5736824467885011,0.5611986966166445,0.5611986966166445,0.5611986966166445,0.5983903355487503,0.5248090366885083,0.8353890216493798,0.6492638127938992,0.48192831731673613,0.8353890216493796,0.5491942697218535,0.8353890216493797,0.5611986966166445,0.8353890216493796,0.7352410790429933,0.709713995428136,0.5611986966166445,0.6993689823947706,0.8353890216493796,0.8353890216493796,0.6489690014650566,0.8652948921839512,0.5276124038449779,0.5611986966166445,0.964441492541317,0.6993689823947706,0.8971903733807982,0.5611986966166445,0.8353890216493797,0.5826703101399167,0.9758094996190113,0.8441442759303632,0.48744354661634937,0.9434296472248224,0.964441492541317,0.9094874355597158,0.709713995428136,0.4447645571506852,0.9974433247068832,0.6492638127938992,0.5611986966166445,0.7624045183442543,0.5611986966166445,0.8353890216493796,0.6492638127938992,0.6492638127938992,0.5983903355487503,0.8353890216493796,0.6993689823947706,0.7963467300093607,0.5611986966166445,0.7624045183442543,0.5611986966166445,0.5491942697218535,0.5611986966166445,0.40714763819101263,0.8353890216493796,0.8353890216493796,0.5611986966166445,0.48192831731673624,0.8926653023147271,0.8505120267959678,0.5491942697218535,0.7963467300093607,0.48192831731673624,0.8355688412668171,0.5611986966166445
p36_M,0.31488121095532584,0.31488121095532595,0.6133704594106721,0.9277684881485384,0.802185857981264,0.6783662395486616,0.0,0.5036364118972838,0.0,0.5611986966166445,0.0,0.15301044614008041,0.9277684881485384,0.15301044614008064,0.9277684881485384,0.08429845649896017,0.0,0.18840579710144933,0.9106366796898251,0.8129313019955913,0.0,0.0,0.0,0.8237731557874397,0.7914855859429253,0.9277684881485385,0.20069474611454696,0.15301044614008052,0.9277684881485384,0.802185857981264,0.9277684881485384,0.0,0.9277684881485384,0.802185857981264,0.6099052511972531,0.0,0.31488121095532595,0.9277684881485384,0.9277684881485384,0.9029081974496802,0.8575575376776161,0.40498969161808207,0.0,0.9106366796898251,0.31488121095532584,0.6656330724547883,0.0,0.9277684881485384,0.6783662395486615,0.7863766851794481,0.7482977209736061,0.7482977209736061,0.8957427929714626,0.9106366796898251,0.8957427929714625,0.9721360893712324,0.7592282938284615,0.7094350352045619,0.20069474611454696,0.0,0.8957427929714625,0.0,0.9277684881485384,0.20069474611454674,0.20069474611454696,0.8237731557874397,0.9277684881485384,0.31488121095532584,0.9106366796898251,0.0,0.8957427929714625,0.0,0.802185857981264,0.0,0.25984725430724653,0.9277684881485384,0.9277684881485384,0.0,0.15301044614008052,0.34061952660421324,0.8129313019955913,0.802185857981264,0.9106366796898251,0.15301044614008052,0.6246740546972654,0.0
p39_I,0.41971154252600285,0.41971154252600285,0.6996875124348136,0.9147197134577558,0.8929563951777906,0.8348967058963834,0.15301044614008041,0.5260029508378989,0.15301044614008041,0.5905562507825819,0.15301044614008041,0.0,0.9147197134577558,0.2954545454545453,0.9147197134577558,0.23120003183312288,0.15301044614008041,0.3198417219003675,0.8944930077320006,0.9096469332114892,0.15301044614008041,0.15301044614008052,0.15301044614008041,0.927178091874558,0.8769085090206672,0.9147197134577558,0.32299679961367,0.2954545454545452,0.9147197134577558,0.8929563951777906,0.9147197134577558,0.15301044614008041,0.9147197134577558,0.8929563951777906,0.7532681143900867,0.15301044614008052,0.41971154252600285,0.9147197134577558,0.9147197134577558,0.9638005343906666,0.9879875004973926,0.5378288333459152,0.15301044614008041,0.8944930077320006,0.41971154252600285,0.7121461334551011,0.15301044614008041,0.9147197134577558,0.7275795647290325,0.8190632838860636,0.816452078267847,0.8164520782678473,0.8769085090206673,0.8944930077320006,0.8769085090206672,0.8601852648210491,0.8312160995518084,0.7774771000418099,0.32299679961367,0.15301044614008041,0.8769085090206674,0.15301044614008041,0.9147197134577558,0.3229967996136699,0.32299679961367,0.927178091874558,0.9147197134577558,0.41971154252600285,0.8944930077320006,0.15301044614008041,0.8769085090206674,0.15301044614008041,0.8929563951777906,0.15301044614008041,0.26137778901337505,0.9147197134577558,0.9147197134577558,0.15301044614008041,0.2954545454545454,0.3480071342647243,0.779136947850307,0.8929563951777906,0.8944930077320005,0.2954545454545454,0.770229216838579,0.15301044614008052
p39_L,0.9505128340694606,0.9505128340694606,0.9211189362253385,0.0,0.6348516283298891,0.7754231031279137,0.9277684881485384,0.8544786249782002,0.9277684881485384,0.8353890216493796,0.9277684881485384,0.9147197134577558,0.0,0.9147197134577558,0.0,0.9211189362253385,0.9277684881485384,0.9277684881485384,0.19170962313452378,0.613877080334631,0.9277684881485384,0.9277684881485384,0.9277684881485384,0.5901219693616159,0.6535898384862247,0.5200000000000002,0.9422649730810375,0.9147197134577558,0.0,0.6348516283298891,0.5200000000000001,0.9277684881485384,0.0,0.6348516283298888,0.8148359800454896,0.9277684881485384,0.9505128340694606,0.0,0.5199999999999999,0.6858874936162733,0.49290744716289003,0.8786046042666231,0.9277684881485384,0.19170962313452378,0.9505128340694606,0.7839753100530713,0.9277684881485384,0.52,0.7754231031279137,0.7839753100530713,0.7130279784082243,0.7130279784082243,0.30717967697244886,0.19170962313452378,0.30717967697244886,0.8148359800454896,0.7,0.38681161132976394,0.9422649730810375,0.9277684881485384,0.30717967697244897,0.9277684881485384,0.0,0.9422649730810375,0.9422649730810375,0.5901219693616159,0.0,0.9505128340694606,0.19170962313452378,0.9277684881485384,0.30717967697244897,0.9277684881485384,0.6348516283298891,0.9277684881485384,0.9024099927051465,0.0,0.0,0.9277684881485384,0.9147197134577558,0.8904554884989668,0.6138770803346307,0.6348516283298891,0.1917096231345239,0.9147197134577558,0.8075499102701247,0.9277684881485384
p42_F,0.41971154252600285,0.41971154252600285,0.6996875124348136,0.9147197134577558,0.9805375263959619,0.8348967058963834,0.15301044614008064,0.6380386170034864,0.15301044614008064,0.6991841842484274,0.15301044614008064,0.2954545454545453,0.9147197134577558,0.0,0.9147197134577558,0.23120003183312288,0.15301044614008064,0.1530104461400803,0.8769085090206672,0.9096469332114893,0.15301044614008064,0.15301044614008052,0.15301044614008064,0.927178091874558,1.0,0.8081193552799506,0.32299679961367,0.2954545454545452,0.9147197134577558,0.8929563951777906,0.8081193552799506,0.15301044614008064,0.9147197134577558,0.8929563951777906,0.6463509639591243,0.15301044614008052,0.41971154252600285,0.9147197134577558,0.8081193552799505,0.9185512023789999,0.8318250069634956,0.5378288333459152,0.15301044614008064,0.8944930077320006,0.41971154252600285,0.8190632838860636,0.15301044614008064,0.9147197134577558,0.8348967058963834,0.925980434317026,0.9300769821972752,0.816452078267847,0.8769085090206673,0.8944930077320006,0.923067818137917,0.9259804343170259,0.8312160995518084,0.5966772438257804,0.32299679961367,0.15301044614008064,0.923067818137917,0.15301044614008064,0.9147197134577558,0.32299679961367,0.32299679961367,0.927178091874558,0.9147197134577558,0.41971154252600285,0.8769085090206672,0.15301044614008064,0.923067818137917,0.15301044614008064,0.9805375263959619,0.15301044614008064,0.39661847553205276,0.9147197134577558,0.9147197134577558,0.15301044614008064,0.2954545454545454,0.3480071342647244,0.779136947850307,0.9805375263959619,0.8769085090206672,0.2954545454545454,0.7702292168385789,0.15301044614008052
p42_IL,0.9505128340694606,0.9505128340694606,0.9211189362253385,0.0,0.6348516283298891,0.7754231031279137,0.9277684881485384,0.8544786249782002,0.9277684881485384,0.8353890216493796,0.9277684881485384,0.9147197134577558,0.0,0.9147197134577558,0.0,0.9211189362253385,0.9277684881485384,0.9277684881485384,0.19170962313452378,0.613877080334631,0.9277684881485384,0.9277684881485384,0.9277684881485384,0.5901219693616159,0.6535898384862247,0.5200000000000002,0.9422649730810375,0.9147197134577558,0.0,0.6348516283298891,0.5200000000000001,0.9277684881485384,0.0,0.6348516283298888,0.8148359800454896,0.9277684881485384,0.9505128340694606,0.0,0.5199999999999999,0.6858874936162733,0.49290744716289003,0.8786046042666231,0.9277684881485384,0.19170962313452378,0.9505128340694606,0.7839753100530713,0.9277684881485384,0.52,0.7754231031279137,0.7839753100530713,0.7130279784082243,0.7130279784082243,0.30717967697244886,0.19170962313452378,0.30717967697244886,0.8148359800454896,0.7,0.38681161132976394,0.9422649730810375,0.9277684881485384,0.30717967697244897,0.9277684881485384,0.0,0.9422649730810375,0.9422649730810375,0.5901219693616159,0.0,0.9505128340694606,0.19170962313452378,0.9277684881485384,0.30717967697244897,0.9277684881485384,0.6348516283298891,0.9277684881485384,0.9024099927051465,0.0,0.0,0.9277684881485384,0.9147197134577558,0.8904554884989668,0.6138770803346307,0.6348516283298891,0.1917096231345239,0.9147197134577558,0.8075499102701247,0.9277684881485384
p49_C,0.37263566739022846,0.37263566739022846,0.6603174603174602,0.9211189362253385,0.9177048800202177,0.7622019417280043,0.08429845649896017,0.5763746347930929,0.08429845649896017,0.6356337247598676,0.08429845649896017,0.23120003183312288,0.9211189362253385,0.23120003183312288,0.9211189362253385,0.0,0.08429845649896017,0.26065579080286405,0.9024099927051465,0.9336720673976862,0.08429845649896017,0.08429845649896017,0.08429845649896017,0.8075499102701247,0.9024099927051465,0.9211189362253385,0.2680749452886002,0.23120003183312265,0.9211189362253385,0.9177048800202177,0.9211189362253385,0.08429845649896017,0.9211189362253385,0.7839753100530713,0.6870156814256194,0.08429845649896017,0.37263566739022846,0.9211189362253385,0.9211189362253385,0.9976083466555528,0.8444444444444446,0.47723960155661194,0.08429845649896017,0.9024099927051465,0.37263566739022846,0.7478737433706377,0.08429845649896017,0.9211189362253385,0.6487569964973273,0.7478737433706377,0.8452391725958637,0.7251262916254895,0.8861449914893378,0.9024099927051465,0.8861449914893378,0.9130599115071165,0.737063120751128,0.7463937906468131,0.2680749452886002,0.08429845649896017,0.8861449914893378,0.08429845649896017,0.9211189362253385,0.2680749452886,0.2680749452886002,0.8075499102701247,0.9211189362253385,0.37263566739022846,0.9024099927051465,0.08429845649896017,0.8861449914893378,0.08429845649896017,0.9177048800202177,0.08429845649896017,0.3346725469338596,0.9211189362253385,0.9211189362253385,0.08429845649896017,0.23120003183312288,0.41364727014405067,0.7957099675848736,0.9177048800202177,0.9024099927051467,0.23120003183312288,0.7028926444578909,0.08429845649896017
p52_T,0.31488121095532584,0.31488121095532595,0.6133704594106721,0.9277684881485384,0.802185857981264,0.6783662395486616,0.0,0.5036364118972838,0.0,0.5611986966166445,0.0,0.15301044614008041,0.9277684881485384,0.15301044614008064,0.9277684881485384,0.08429845649896017,0.0,0.18840579710144933,0.9106366796898251,0.8129313019955913,0.0,0.0,0.0,0.8237731557874397,0.7914855859429253,0.9277684881485385,0.20069474611454696,0.15301044614008052,0.9277684881485384,0.802185857981264,0.9277684881485384,0.0,0.9277684881485384,0.802185857981264,0.6099052511972531,0.0,0.31488121095532595,0.9277684881485384,0.9277684881485384,0.9029081974496802,0.8575575376776161,0.40498969161808207,0.0,0.9106366796898251,0.31488121095532584,0.6656330724547883,0.0,0.9277684881485384,0.6783662395486615,0.7863766851794481,0.7482977209736061,0.7482977209736061,0.8957427929714626,0.9106366796898251,0.8957427929714625,0.9721360893712324,0.7592282938284615,0.7094350352045619,0.20069474611454696,0.0,0.8957427929714625,0.0,0.9277684881485384,0.20069474611454674,0.20069474611454696,0.8237731557874397,0.9277684881485384,0.31488121095532584,0.9106366796898251,0.0,0.8957427929714625,0.0,0.802185857981264,0.0,0.25984725430724653,0.9277684881485384,0.9277684881485384,0.0,0.15301044614008052,0.34061952660421324,0.8129313019955913,0.802185857981264,0.9106366796898251,0.15301044614008052,0.6246740546972654,0.0
p56_G,0.5730419140736087,0.31488121095532584,0.7897277937145761,0.9277684881485384,0.9450516272170177,0.7995615695738036,0.18840579710144933,0.6301604637666036,0.18840579710144933,0.6838743298205934,0.18840579710144933,0.3198417219003675,0.9277684881485384,0.1530104461400803,0.9277684881485384,0.26065579080286405,0.18840579710144933,0.0,0.9106366796898251,0.8129313019955913,0.18840579710144933,0.18840579710144922,0.18840579710144933,0.9765030874383254,0.9304951953143084,0.9277684881485385,0.4265853613430445,0.3198417219003673,0.9277684881485384,0.9450516272170177,0.9277684881485384,0.18840579710144933,0.9277684881485384,0.9450516272170179,0.7306488639219129,0.18840579710144922,0.31488121095532584,0.9277684881485384,0.9277684881485384,0.9642293359025138,0.8575575376776161,0.5406937970385195,0.18840579710144933,0.9106366796898251,0.5730419140736087,0.7863766851794481,0.18840579710144933,0.9277684881485384,0.7995615695738035,0.7863766851794481,0.8766165298890225,0.7482977209736061,0.8957427929714626,0.9106366796898251,0.8957427929714625,0.907120297904108,0.7592282938284615,0.7094350352045619,0.4265853613430445,0.18840579710144933,0.8957427929714625,0.18840579710144933,0.9277684881485384,0.42658536134304437,0.20069474611454696,0.9765030874383254,0.9277684881485384,0.5730419140736087,0.9106366796898251,0.18840579710144933,0.8957427929714625,0.18840579710144933,0.9450516272170177,0.18840579710144933,0.4125771859581321,0.9277684881485384,0.9277684881485384,0.18840579710144933,0.3198417219003675,0.34061952660421313,0.812931301995591,0.9450516272170177,0.9106366796898251,0.3198417219003675,0.7451490494857975,0.18840579710144922
p60_V,0.9387755102040816,0.9387755102040816,0.9024099927051465,0.19170962313452378,0.5482460485473744,0.7221581460081363,0.9106366796898251,0.8199639891963986,0.9106366796898251,0.7963467300093607,0.9106366796898251,0.8944930077320006,0.19170962313452378,0.8769085090206672,0.19170962313452378,0.9024099927051465,0.9106366796898251,0.9106366796898251,0.0,0.5222967751233891,0.9106366796898251,0.9106366796898251,0.9106366796898251,0.7021837388099512,0.5714285714285715,0.1917096231345239,0.9285714285714286,0.8944930077320005,0.19170962313452378,0.7440060941768454,0.1917096231345239,0.9106366796898251,0.19170962313452378,0.7440060941768454,0.9363663709732324,0.9106366796898251,0.9387755102040816,0.19170962313452378,0.19170962313452378,0.6113865568932728,0.6142871140251036,0.8498121477034724,0.9106366796898251,0.3537414965986392,0.9387755102040816,0.7327387580875755,0.9106366796898251,0.6205983945325317,0.7221581460081361,0.7327387580875755,0.6449641987516369,0.6449641987516369,0.45238095238095255,0.3537414965986392,0.1428571428571429,0.7709189355036363,0.6288462555209546,0.24137611157989958,0.9285714285714286,0.9106366796898251,0.14285714285714302,0.9106366796898251,0.19170962313452378,0.9285714285714286,0.9285714285714286,0.7021837388099512,0.19170962313452378,0.9387755102040816,0.0,0.9106366796898251,0.14285714285714302,0.9106366796898251,0.5482460485473744,0.9106366796898251,0.8792636778959262,0.19170962313452378,0.19170962313452378,0.9106366796898251,0.8944930077320005,0.8644738145642124,0.7242526100305743,0.5482460485473744,0.0,0.8944930077320005,0.7619047619047619,0.9106366796898251
p60_Y,0.8718357201550556,0.8718357201550556,0.7957099675848734,0.613877080334631,0.05432090903444964,0.41837978158169353,0.8129313019955913,0.6231216340435969,0.8129313019955913,0.5736824467885011,0.8129313019955913,0.9096469332114892,0.613877080334631,0.9096469332114893,0.613877080334631,0.9336720673976862,0.8129313019955913,0.8129313019955913,0.5222967751233891,0.0,0.8129313019955913,0.8129313019955913,0.8129313019955913,0.17743521952600405,0.10285004108538942,0.6138770803346311,0.8504750068475649,0.779136947850307,0.613877080334631,0.16608298342128713,0.613877080334631,0.8129313019955913,0.613877080334631,0.27784505780812496,0.6149093682829223,0.8129313019955913,0.8718357201550556,0.613877080334631,0.6138770803346307,0.18649608612731416,0.928365832789501,0.6856042737929587,0.8129313019955913,0.7242526100305744,0.8718357201550556,0.4405287048638682,0.8129313019955913,0.8587355171955966,0.6079989123512982,0.5349848975491891,0.25678583949256883,0.9401567818812199,0.7961022820648611,0.7242526100305744,0.6193909265210742,0.7093655609682432,0.9607598658876657,0.6897590142090853,0.8504750068475649,0.8129313019955913,0.6193909265210742,0.8129313019955913,0.613877080334631,0.8504750068475648,0.8504750068475649,0.17743521952600405,0.613877080334631,0.8718357201550556,0.5222967751233891,0.8129313019955913,0.6193909265210742,0.8129313019955913,0.05432090903444964,0.8129313019955913,0.7472566316979343,0.613877080334631,0.613877080334631,0.8129313019955913,0.779136947850307,0.7248933553554762,0.9623059866962306,0.05432090903444964,0.5222967751233891,0.779136947850307,0.5015833561585497,0.8129313019955913
p64_T,0.31488121095532584,0.31488121095532595,0.6133704594106721,0.9277684881485384,0.802185857981264,0.6783662395486616,0.0,0.5036364118972838,0.0,0.5611986966166445,0.0,0.15301044614008041,0.9277684881485384,0.15301044614008064,0.9277684881485384,0.08429845649896017,0.0,0.18840579710144933,0.9106366796898251,0.8129313019955913,0.0,0.0,0.0,0.8237731557874397,0.7914855859429253,0.9277684881485385,0.20069474611454696,0.15301044614008052,0.9277684881485384,0.802185857981264,0.9277684881485384,0.0,0.9277684881485384,0.802185857981264,0.6099052511972531,0.0,0.31488121095532595,0.9277684881485384,0.9277684881485384,0.9029081974496802,0.8575575376776161,0.40498969161808207,0.0,0.9106366796898251,0.31488121095532584,0.6656330724547883,0.0,0.9277684881485384,0.6783662395486615,0.7863766851794481,0.7482977209736061,0.7482977209736061,0.8957427929714626,0.9106366796898251,0.8957427929714625,0.9721360893712324,0.7592282938284615,0.7094350352045619,0.20069474611454696,0.0,0.8957427929714625,0.0,0.9277684881485384,0.20069474611454674,0.20069474611454696,0.8237731557874397,0.9277684881485384,0.31488121095532584,0.9106366796898251,0.0,0.8957427929714625,0.0,0.802185857981264,0.0,0.25984725430724653,0.9277684881485384,0.9277684881485384,0.0,0.15301044614008052,0.34061952660421324,0.8129313019955913,0.802185857981264,0.9106366796898251,0.15301044614008052,0.6246740546972654,0.0
p69_R,0.31488121095532584,0.31488121095532584,0.6133704594106721,0.9277684881485384,0.802185857981264,0.6783662395486616,0.0,0.5036364118972838,0.0,0.5611986966166445,0.0,0.15301044614008052,0.9277684881485384,0.15301044614008052,0.9277684881485384,0.08429845649896017,0.0,0.18840579710144922,0.9106366796898251,0.8129313019955913,0.0,0.0,0.0,0.8237731557874397,0.7914855859429253,0.9277684881485384,0.20069474611454696,0.15301044614008052,0.9277684881485384,0.802185857981264,0.9277684881485385,0.0,0.9277684881485384,0.802185857981264,0.6099052511972531,0.0,0.31488121095532584,0.9277684881485384,0.9277684881485384,0.9029081974496802,0.8575575376776161,0.40498969161808196,0.0,0.9106366796898251,0.31488121095532584,0.6656330724547883,0.0,0.9277684881485384,0.6783662395486614,0.7863766851794483,0.7482977209736059,0.748297720973606,0.8957427929714625,0.9106366796898251,0.8957427929714626,0.9721360893712323,0.7592282938284614,0.709435035204562,0.20069474611454696,0.0,0.8957427929714626,0.0,0.9277684881485384,0.20069474611454674,0.20069474611454696,0.8237731557874397,0.9277684881485384,0.31488121095532584,0.9106366796898251,0.0,0.8957427929714626,0.0,0.802185857981264,0.0,0.25984725430724653,0.9277684881485384,0.9277684881485384,0.0,0.15301044614008041,0.34061952660421335,0.8129313019955913,0.802185857981264,0.9106366796898251,0.15301044614008041,0.6246740546972656,0.0
p87_C,0.31488121095532584,0.31488121095532595,0.6133704594106721,0.9277684881485384,0.802185857981264,0.6783662395486616,0.0,0.5036364118972838,0.0,0.5611986966166445,0.0,0.15301044614008041,0.9277684881485384,0.15301044614008064,0.9277684881485384,0.08429845649896017,0.0,0.18840579710144933,0.9106366796898251,0.8129313019955913,0.0,0.0,0.0,0.8237731557874397,0.7914855859429253,0.9277684881485385,0.20069474611454696,0.15301044614008052,0.9277684881485384,0.802185857981264,0.9277684881485384,0.0,0.9277684881485384,0.802185857981264,0.6099052511972531,0.0,0.31488121095532595,0.9277684881485384,0.9277684881485384,0.9029081974496802,0.8575575376776161,0.40498969161808207,0.0,0.9106366796898251,0.31488121095532584,0.6656330724547883,0.0,0.9277684881485384,0.6783662395486615,0.7863766851794481,0.7482977209736061,0.7482977209736061,0.8957427929714626,0.9106366796898251,0.8957427929714625,0.9721360893712324,0.7592282938284615,0.7094350352045619,0.20069474611454696,0.0,0.8957427929714625,0.0,0.9277684881485384,0.20069474611454674,0.20069474611454696,0.8237731557874397,0.9277684881485384,0.31488121095532584,0.9106366796898251,0.0,0.8957427929714625,0.0,0.802185857981264,0.0,0.25984725430724653,0.9277684881485384,0.9277684881485384,0.0,0.15301044614008052,0.34061952660421324,0.8129313019955913,0.802185857981264,0.9106366796898251,0.15301044614008052,0.6246740546972654,0.0
p88_C,0.8792636778959262,0.8792636778959262,0.8075499102701247,0.5901219693616159,0.10912919362525164,0.4520884748999394,0.8237731557874397,0.6449641987516368,0.8237731557874397,0.5983903355487503,0.8237731557874397,0.927178091874558,0.5901219693616159,0.927178091874558,0.5901219693616159,0.8075499102701247,0.8237731557874397,0.9765030874383254,0.7021837388099512,0.17743521952600405,0.8237731557874397,0.8237731557874397,0.8237731557874397,0.0,0.15484574527148331,0.8438559883282348,0.8591409575452471,0.7919374053558802,0.5901219693616159,0.10912919362525164,0.8438559883282347,0.8237731557874397,0.5901219693616159,0.10912919362525164,0.5482460485473744,0.8237731557874397,0.8792636778959262,0.5901219693616159,0.8438559883282346,0.2336439552651861,0.9065242421312034,0.7038255611204538,0.8237731557874397,0.7021837388099512,0.8792636778959262,0.47295372330526986,0.8237731557874397,0.8438559883282346,0.5503346794006398,0.47295372330526986,0.29985995798599485,0.8679735920773592,0.7746255320723956,0.7021837388099512,0.7746255320723955,0.6461260713621098,0.8861449914893378,0.8281161061986076,0.8591409575452471,0.8237731557874397,0.7746255320723956,0.8237731557874397,0.5901219693616159,0.8591409575452471,0.8591409575452471,0.0,0.5901219693616159,0.8792636778959262,0.7021837388099512,0.8237731557874397,0.7746255320723956,0.8237731557874397,0.10912919362525164,0.8237731557874397,0.7619047619047619,0.5901219693616159,0.5901219693616159,0.8237731557874397,0.7919374053558801,0.5723820129401207,0.9862139980926146,0.10912919362525164,0.7021837388099512,0.7919374053558801,0.5304698584841572,0.8237731557874397
p93_V,0.8571428571428572,0.8571428571428572,0.7722899829786756,0.6535898384862247,0.051316701949486565,0.4411227074876303,0.7914855859429253,0.579915974791597,0.7914855859429253,0.5248090366885083,0.7914855859429253,0.8769085090206672,0.6535898384862247,1.0,0.6535898384862247,0.9024099927051465,0.7914855859429253,0.9304951953143084,0.5714285714285715,0.10285004108538942,0.7914855859429253,0.7914855859429253,0.7914855859429253,0.15484574527148331,0.0,0.6535898384862247,0.8333333333333335,0.7538170180413345,0.6535898384862247,0.1567259572884323,0.6535898384862247,0.7914855859429253,0.6535898384862247,0.2621352126273784,0.6436516774501009,0.7914855859429253,0.8571428571428572,0.6535898384862247,0.6535898384862247,0.19126391569681134,0.9674699975683823,0.6495616779747688,0.7914855859429253,0.761904761904762,0.8571428571428572,0.4654775161751512,0.7914855859429253,0.8845299461620748,0.5305430742896096,0.554564596812626,0.26625934408671637,0.8816547329172122,0.8333333333333335,0.761904761904762,0.6666666666666667,0.6436516774501009,0.9037749551350622,0.7363647479958517,0.8333333333333335,0.7914855859429253,0.6666666666666667,0.7914855859429253,0.6535898384862247,0.8333333333333333,0.8333333333333335,0.15484574527148331,0.6535898384862247,0.8571428571428572,0.5714285714285715,0.7914855859429253,0.6666666666666667,0.7914855859429253,0.051316701949486565,0.7914855859429253,0.7182819150904947,0.6535898384862247,0.6535898384862247,0.7914855859429253,0.7538170180413346,0.6837722339831621,0.9184409128259445,0.051316701949486565,0.5714285714285716,0.7538170180413346,0.5333333333333332,0.7914855859429253
