,p1_Q,p7_Q,p7_S,p14_N,p14_S,p19_L,p19_V,p27_T,p31_M,p32_V,p35_I,p35_W,p36_M,p37_Y,p39_I,p39_L,p42_I,p49_C,p49_I,p52_T,p56_G,p56_V,p60_V,p60_Y,p64_Q,p64_T,p69_R,p84_L,p84_T,p87_C,p87_V,p88_C,p88_I,p93_V,p94_S,p94_T,p96_T,p96_Y,p97_C,p98_C,p98_S,p100_V,p100_Y,p103_M,p104_S,p104_V,p108_L,p108_T,p109_G,p110_R,p111_T,p111_V,p112_M,p112_V,p122_Q,p123_V,p124_S,p133_V,p150_G,p153_S,p154_M,p157_I,p157_V,p158_L,p162_M,p162_V,p165_L,p166_S,p169_V,p179_L,p183_M,p185_T,p185_V,p205_M,p209_S,p209_V,p210_V,p213_C,p213_F,p218_L,p218_T,p228_L,p228_M,p255_L,p259_F,p259_L,p263_L,p263_V,p269_G,p271_Y,p277_F,p277_L,p279_R,p282_S,p284_S,p284_T,p286_L,p286_M,p286_Q,p287_S,p287_T,p288_M,p289_S,p292_S,p295_S,p301_Y,p303_P,p304_V,p315_S,p319_N,p320_T,p322_F,p326_S,p333_S,p334_S
p1_Q,0.0,0.8845139053126763,0.9209739220306401,0.9209739220306401,0.8243348499635764,0.8099145303259669,0.7089682945933338,0.9320981904681112,0.20383432539403912,0.5662164007520809,0.20383432539403912,0.6182677771240876,0.20383432539403912,0.8227131958130902,0.2923665097786413,0.9209739220306401,0.9449865315126713,0.25123051764583915,0.8764570504921785,0.20383432539403912,0.20383432539403912,0.9320981904681112,0.901639344262295,0.8026819161112997,0.7260206012165837,0.20383432539403912,0.2038343253940389,0.9109364780250123,0.9320981904681112,0.20383432539403912,0.5192219420734694,0.8535059499283046,0.8535059499283046,0.8026819161112997,0.9320981904681112,0.9109364780250123,0.6912464571533762,0.3285689371713971,0.9320981904681112,0.9209739220306401,0.8315563415317034,0.9109364780250122,0.20383432539403912,0.9320981904681112,0.9320981904681112,0.8026819161112997,0.795413592371689,0.6620276969470971,0.2923665097786414,0.09452085992095849,0.9320981904681112,0.9320981904681112,0.9320981904681112,0.2526871801651158,0.9865457070056665,0.8833385017174158,0.8686369329203227,0.5192219420734692,0.20383432539403912,0.9209739220306401,0.9320981904681112,0.8461188214171724,0.7089682945933337,0.20383432539403912,0.9449865315126713,0.6910215294315294,0.7089682945933338,0.765694706324632,0.7807115331487107,0.9209739220306401,0.892876660638003,0.9320981904681112,0.9109364780250124,0.433471997412067,0.901639344262295,0.967052894797123,0.7807115331487106,0.6912967923627584,0.5491803278688523,0.20383432539403912,0.8845139053126763,0.20383432539403912,0.9320981904681112,0.18306010928961758,0.14829005168098763,0.8171267571490577,0.8461188214171724,0.6409925119389719,0.19656820731150682,0.9320981904681112,0.892876660638003,0.20383432539403912,0.8845139053126763,0.20383432539403912,0.8243348499635763,0.25123051764583915,0.3897825473010015,0.9320981904681112,0.9320981904681112,0.9320981904681112,0.20383432539403912,0.2923665097786414,0.4400673342589002,0.8461188214171724,0.8171267571490577,0.892876660638003,0.2923665097786414,0.6816585454749089,0.9320981904681112,0.9320981904681112,0.2038343253940389,0.892876660638003,0.9320981904681112,0.8461188214171724,0.8461188214171724
p7_Q,0.8845139053126763,0.0,0.9072147999147706,0.9072147999147706,0.7937500314712452,0.7768190097471592,0.7506120425522346,0.9202758994820899,0.7401136560965236,0.9754026870985957,0.7401136560965236,0.9789908548295996,0.7401136560965236,0.9613165194701512,0.7904358027656161,0.9072147999147706,0.9354082119201417,0.7667203026685876,0.8549471568910829,0.7401136560965236,0.8750933851006547,0.9202758994820899,0.8845139053126765,0.7683271349851677,0.8571844725608376,0.7401136560965236,0.7401136560965234,0.9294150814467188,0.9202758994820899,0.7401136560965236,0.938447041673959,0.8280000716666218,0.8280000716666218,0.7683271349851677,0.9202758994820899,0.8954297502914355,0.579104744923028,0.8118750783853677,0.9202758994820899,0.9072147999147706,0.8022288470379529,0.8954297502914355,0.7401136560965236,0.9202758994820899,0.9202758994820899,0.7683271349851677,0.7597933333617912,0.603183802514053,0.7904358027656162,0.8954297502914355,0.9202758994820899,0.9202758994820899,0.9202758994820899,0.8742255628533842,0.8504240357394777,0.9754026870985958,0.8457654893676612,0.6366874167097092,0.7401136560965236,0.9072147999147706,0.9202758994820899,0.8193267803357973,0.65829716327599,0.7401136560965236,0.9354082119201417,0.9024357026954895,0.9724433196190314,0.7249001328001303,0.7425315187593022,0.8985161874067803,0.8742255628533842,0.9202758994820899,0.8954297502914355,0.836799563215701,0.8845139053126765,0.6836243913808795,0.742531518759302,0.8457654893676612,0.6318880731841559,0.7401136560965236,0.8644067796610169,0.7401136560965236,0.9202758994820899,0.9542867541862676,0.9936440677966102,0.9968424551102466,0.8193267803357973,0.9570166859163685,0.9072147999147706,0.9202758994820899,0.8742255628533842,0.7401136560965236,0.8644067796610169,0.7401136560965236,0.7937500314712453,0.7667203026685876,0.849610659549797,0.9202758994820899,0.9202758994820899,0.9202758994820899,0.7401136560965236,0.7904358027656162,0.8823730648234446,0.8193267803357973,0.7852869474967712,0.8742255628533842,0.7904358027656162,0.6262325511714527,0.9202758994820899,0.9202758994820899,0.7401136560965234,0.8742255628533842,0.9202758994820899,0.8193267803357973,0.8193267803357973
p7_S,0.9209739220306401,0.9072147999147706,0.0,0.9365079365079365,0.8588650335933431,0.7263753951848989,0.8548027612103777,0.14076705719577998,0.9007416666029071,0.8178214249999929,0.9007416666029071,0.9214092001860097,0.9007416666029071,0.8468477931742464,0.8883234342899184,0.9365079365079365,0.9558004303912135,0.8944587355231162,0.36033518477429005,0.9007416666029071,0.9007416666029071,0.14076705719577998,0.4171826749759703,0.7392572008740839,0.8387024175899707,0.9007416666029071,0.900741666602907,0.3524139906321866,0.14076705719577998,0.9007416666029071,0.8356287757594875,0.8823020227327001,0.4605509375248755,0.739257200874084,0.14076705719577998,0.3524139906321866,0.9284435348764848,0.9534112173316938,0.14076705719577998,0.9365079365079365,0.8646670095098085,0.3524139906321866,0.9007416666029071,0.14076705719577998,0.9454455274410019,0.5994990605425932,0.8890494236376539,0.8925163297271625,0.8883234342899184,0.9284435348764848,0.9454455274410019,0.14076705719577998,0.4453628623168525,0.9139337034176129,0.7628642521457771,0.7841579926630351,0.9287596464781033,0.8356287757594876,0.9007416666029071,0.9365079365079365,0.14076705719577998,0.6457438145326333,0.8548027612103777,0.9007416666029071,0.9558004303912135,0.7442343545038439,0.728462306679148,0.6627217561765749,0.6396250149217766,0.2658730158730158,0.8801219440459611,0.14076705719577998,0.9284435348764848,0.6015177087162997,0.4171826749759703,0.7731078417396242,0.7737645927008929,0.5751964104805425,0.9209739220306401,0.9007416666029071,0.5099781620498818,0.9007416666029071,0.9454455274410019,0.9209739220306401,0.9072147999147706,0.7126296825585405,0.8763669688301807,0.7798762404757245,0.9365079365079365,0.9454455274410019,0.46823323897310865,0.9007416666029071,0.5099781620498818,0.9007416666029071,0.6978829625357503,0.8944587355231162,0.974561560747786,0.9454455274410019,0.14076705719577998,0.9454455274410019,0.9007416666029071,0.8883234342899184,0.8588650335933432,0.8763669688301807,0.7126296825585405,0.46823323897310853,0.8883234342899184,0.751756873489025,0.14076705719577998,0.14076705719577998,0.900741666602907,0.46823323897310853,0.14076705719577998,0.6457438145326333,0.6457438145326333
p14_N,0.9209739220306401,0.9072147999147706,0.9365079365079365,0.0,0.5501322945787814,0.584260290358451,0.7284623066791478,0.9454455274410019,0.9007416666029071,0.8178214249999929,0.9007416666029071,0.7929803321972938,0.9007416666029071,0.7201663381455363,0.8883234342899184,0.0,0.3038567786616142,0.8944587355231162,0.7297967590856913,0.9007416666029071,0.9007416666029071,0.9454455274410019,0.41718267497597017,0.5994990605425929,0.7115619702785356,0.9007416666029071,0.900741666602907,0.9284435348764847,0.9454455274410019,0.9007416666029071,0.8356287757594875,0.6248376974604813,0.9534112173316938,0.599499060542593,0.9454455274410019,0.5921281487959629,0.9284435348764848,0.8823020227327001,0.9454455274410019,0.0,0.5308456329673359,0.592128148795963,0.9007416666029071,0.9454455274410019,0.14076705719577953,0.5994990605425929,0.7513885233362247,0.7661758751959327,0.941623613378821,0.9284435348764848,0.14076705719577953,0.9454455274410019,0.7499586674379253,0.9139337034176129,0.6270685674771196,0.6514844652173778,0.3984147924817619,0.9732896760609167,0.9007416666029071,0.2658730158730158,0.9454455274410019,0.8763669688301807,0.7284623066791478,0.9007416666029071,0.6740281741352003,0.7442343545038439,0.8548027612103777,0.7941033976659324,0.773764592700893,0.9365079365079365,0.2622888864366826,0.9454455274410019,0.11269983246841042,0.6015177087162996,0.6377971426404334,0.773107841739624,0.6396250149217766,0.3984147924817618,0.9209739220306401,0.9007416666029071,0.3157091493714327,0.9007416666029071,0.14076705719577953,0.9209739220306401,0.8985161874067803,0.7126296825585404,0.4864474089869044,0.7798762404757245,0.9365079365079365,0.14076705719577953,0.26228888643668236,0.9007416666029071,0.3157091493714327,0.9007416666029071,0.6978829625357503,0.9287596464781034,0.8704952183523649,0.14076705719577953,0.9454455274410019,0.14076705719577953,0.9007416666029071,0.8883234342899183,0.8588650335933432,0.805040220078362,0.567864184298557,0.26228888643668236,0.8883234342899183,0.751756873489025,0.9454455274410019,0.9454455274410019,0.900741666602907,0.9139337034176129,0.9454455274410019,0.8763669688301807,0.8763669688301807
p14_S,0.8243348499635764,0.7937500314712452,0.8588650335933431,0.5501322945787814,0.0,0.9764250585005554,0.6070348009157367,0.8787321874818335,0.7793610605941235,0.593939233080734,0.7793610605941235,0.603734755762192,0.7793610605941235,0.941158808516253,0.846258518240362,0.5501322945787814,0.6868276463719649,0.7653948856407379,0.8100053577338284,0.7793610605941235,0.7793610605941235,0.8787321874818335,0.8078662421476617,0.9582688836944009,0.7933096528327619,0.7793610605941235,0.7793610605941232,0.8409388710031636,0.8787321874818335,0.7793610605941235,0.6346231964203586,0.987736188621855,0.8051416636583641,0.9582688836944008,0.8787321874818335,0.8926337379271352,0.8409388710031636,0.7383720239329086,0.8787321874818335,0.5501322945787814,0.9649033511402225,0.8926337379271352,0.7793610605941235,0.8787321874818335,0.613458847598344,0.9582688836944009,0.21786527983732995,0.48023803001121446,0.8462585182403619,0.8409388710031636,0.613458847598344,0.8787321874818335,0.9519981575448924,0.8086853189388161,0.9234094355565469,0.8899564317291961,0.6451597645316158,0.9828729623322043,0.7793610605941235,0.6978829625357503,0.8787321874818335,0.7251791367107366,0.5368250186793482,0.7793610605941235,0.8925388982648899,0.8683172046038876,0.8878739298612903,0.6883399721744601,0.49710680590579615,0.8588650335933431,0.7335259799504941,0.8787321874818335,0.4929926513225835,0.9647381922569638,0.9304658781105823,0.7772440608115287,0.3480190005769833,0.8416415478074979,0.8243348499635765,0.7793610605941235,0.7744140969216746,0.7793610605941235,0.613458847598344,0.8243348499635765,0.9017089993730153,0.9147481511090167,0.9207247509742511,0.7827642269568822,0.8588650335933432,0.613458847598344,0.7335259799504941,0.7793610605941235,0.7744140969216746,0.7793610605941235,0.9325980392156863,0.8636357772786789,0.9434535110085405,0.613458847598344,0.8787321874818335,0.613458847598344,0.7793610605941235,0.9407601629916991,0.6862745098039216,0.5666286386592383,0.9951970789357192,0.7335259799504941,0.9407601629916991,0.5882299889994584,0.8787321874818335,0.8787321874818335,0.7793610605941232,0.9624203305058388,0.8787321874818335,0.7251791367107366,0.7251791367107366
p19_L,0.8099145303259669,0.7768190097471592,0.7263753951848989,0.584260290358451,0.9764250585005554,0.0,0.34685648971330596,0.6427827458441198,0.7612488509152191,0.5617965501609614,0.7612488509152191,0.5020449983447604,0.7612488509152191,0.9959573680002094,0.8222757676641361,0.584260290358451,0.7105856192918469,0.8406299447933869,0.7450373531378573,0.7612488509152191,0.8599916101046037,0.6427827458441198,0.48254511033179903,0.03665459380168601,0.9178400948804126,0.7612488509152191,0.761248850915219,0.7877206059329112,0.6427827458441198,0.7612488509152191,0.7331249005345013,0.2293253644115476,0.9318451002540824,0.0366545938016859,0.6427827458441198,0.5314553914735423,0.827881572378036,0.7168950318246501,0.6427827458441198,0.584260290358451,0.19463107474775132,0.5314553914735421,0.7612488509152191,0.6427827458441198,0.6427827458441199,0.18606233041114706,0.9725437140467594,0.5726344932692002,0.9131728941259901,0.827881572378036,0.6427827458441199,0.6427827458441198,0.6427827458441199,0.7929803321972937,0.17555478642358624,0.16169774813401272,0.8758888065647616,0.67821232862802,0.7612488509152191,0.7263753951848988,0.6427827458441198,0.19046322242983738,0.41438830327689935,0.7612488509152191,0.9084505530412985,0.5194958138568617,0.5494519304040861,0.329180261847144,0.9935790489289215,0.7263753951848988,0.7666921204128232,0.6427827458441198,0.6595879987032267,0.7232386000265936,0.6004685035555046,0.6573869380177499,0.9218784286352115,0.5924075579229104,0.8099145303259669,0.7612488509152191,0.4962929039432412,0.7612488509152191,0.6427827458441199,0.8099145303259669,0.8806601649342447,0.19270284809334792,0.19046322242983715,0.6064439112790136,0.8472792903357576,0.6427827458441199,0.43644645987041053,0.7612488509152191,0.4962929039432412,0.7612488509152191,0.07586229322177085,0.8406299447933869,0.6884955210093011,0.6427827458441199,0.6427827458441198,0.6427827458441199,0.7612488509152191,0.731378641202282,0.786646779430026,0.8729141636467563,0.0379420206892116,0.43644645987041053,0.731378641202282,0.4702391085827744,0.6427827458441198,0.6427827458441198,0.761248850915219,0.876774007260294,0.6427827458441198,0.19046322242983738,0.19046322242983738
p19_V,0.7089682945933338,0.7506120425522346,0.8548027612103777,0.7284623066791478,0.6070348009157367,0.34685648971330596,0.0,0.7666858686856544,0.6344583612566518,0.9595381158738518,0.6344583612566518,0.9089130783633399,0.6344583612566518,0.7061983936394678,0.7503406174615406,0.7284623066791478,0.8109708754568274,0.6953250500495086,0.8388472345325024,0.6344583612566518,0.7222407619584594,0.7666858686856544,0.6620276969470971,0.3884166583352697,0.8539195426168432,0.6344583612566518,0.6344583612566517,0.8078831313983724,0.7666858686856544,0.6344583612566518,0.9834021094176479,0.49663886322283934,0.9568880507852895,0.3884166583352697,0.7666858686856544,0.6939731296611242,0.7364768616526352,0.5665501322196671,0.7666858686856544,0.7284623066791478,0.49303060536299426,0.6939731296611242,0.6344583612566518,0.7666858686856544,0.7666858686856541,0.5212402690047574,0.5586913798104081,0.318996415770609,0.7503406174615408,0.7364768616526352,0.7666858686856541,0.7666858686856544,0.7666858686856544,0.683041070542313,0.4654697070561227,0.47305453231062833,0.968654840540073,0.7217412461193946,0.6344583612566518,0.7284623066791478,0.7666858686856544,0.47125630739164537,0.24014336917562717,0.6344583612566518,0.9868729774622798,0.6568352278626715,0.6603942652329748,0.3822089925126515,0.7564488016886255,0.8548027612103777,0.925507348376304,0.7666858686856544,0.6939731296611245,0.9264288776094396,0.6620276969470971,0.6460005109906737,0.501481140956405,0.8006447858348638,0.7089682945933338,0.6344583612566518,0.6954986817902977,0.6344583612566518,0.7666858686856541,0.7089682945933338,0.7506120425522347,0.5092205874384874,0.47125630739164537,0.9143355342506181,0.7661758751959327,0.7666858686856541,0.6319186625652666,0.6344583612566518,0.6954986817902977,0.6344583612566518,0.396405454206572,0.6953250500495086,0.5966964783274575,0.7666858686856541,0.7666858686856544,0.7666858686856541,0.6344583612566518,0.5887253649970308,0.971706505665933,0.9254335818116424,0.3716380742936283,0.6319186625652666,0.5887253649970308,0.3851631165872861,0.7666858686856544,0.7666858686856544,0.6344583612566517,0.8276444531059581,0.7666858686856544,0.47125630739164537,0.47125630739164537
p27_T,0.9320981904681112,0.9202758994820899,0.14076705719577998,0.9454455274410019,0.8787321874818335,0.6427827458441198,0.7666858686856544,0.0,0.9147139700973734,0.8434661668868646,0.9147139700973734,0.8221218816155286,0.9147139700973734,0.7595576992291082,0.9040438158026576,0.9454455274410019,0.9620222737343624,0.9093154687362486,0.4503789184052951,0.9147139700973734,0.9147139700973734,0.0,0.3096649364257964,0.6558763991941576,0.752164542905775,0.9147139700973734,0.9147139700973734,0.2376024659011542,0.0,0.9147139700973734,0.858766829283492,0.8988700206305136,0.5364875945565212,0.6558763991941576,0.0,0.2376024659011542,0.9385163278952544,0.8988700206305137,0.0,0.9454455274410019,0.883717436322617,0.2376024659011542,0.9147139700973734,0.0,0.953125,0.6558763991941576,0.8258124227829735,0.9438317832021019,0.9040438158026577,0.9385163278952544,0.953125,0.0,0.3489583333333336,0.9260490027112547,0.679565027769172,0.7005439714357409,0.9093154687362486,0.858766829283492,0.9147139700973734,0.9454455274410019,0.0,0.5587386959390861,0.7666858686856541,0.9147139700973734,0.9620222737343624,0.7802377317521167,0.7666858686856541,0.7101994220157591,0.6903539410582111,0.14076705719577998,0.9260490027112548,0.0,0.9385163278952544,0.5114957895408025,0.3096649364257964,0.8050467831587365,0.6903539410582111,0.48309817179661674,0.9320981904681112,0.9147139700973734,0.41203475868041317,0.9147139700973734,0.953125,0.9320981904681112,0.9202758994820899,0.6286946713837469,0.8937704268001503,0.8108624143228282,0.9454455274410019,0.953125,0.3661343089536123,0.9147139700973734,0.41203475868041317,0.9147139700973734,0.6134588475983442,0.9093154687362486,0.8887252253576845,0.953125,0.0,0.953125,0.9147139700973734,0.9040438158026577,0.8787321874818335,0.8937704268001503,0.6286946713837469,0.3661343089536122,0.9040438158026577,0.7867013278770547,0.0,0.0,0.9147139700973734,0.3661343089536123,0.0,0.5587386959390861,0.5587386959390861
p31_M,0.20383432539403912,0.7401136560965236,0.9007416666029071,0.9007416666029071,0.7793610605941235,0.7612488509152191,0.6344583612566518,0.9147139700973734,0.0,0.4551591294580649,1.1102230246251565e-16,0.5205366985146158,1.1102230246251565e-16,0.7333145652250181,0.11119819304998135,0.9007416666029071,0.9309019840442683,0.059530564759975646,0.8448275862068966,1.1102230246251565e-16,0.12835249042145602,0.9147139700973734,0.8764570504921785,0.7521645429057751,0.6558763991941574,1.1102230246251565e-16,0.0,0.8881344363168293,0.9147139700973734,1.1102230246251565e-16,0.3961331500953271,0.8160005451827621,0.8160005451827621,0.7521645429057751,0.9147139700973734,0.8881344363168293,0.2790885895973446,0.15666916542099285,0.9147139700973734,0.9007416666029071,0.7884313983372082,0.8881344363168293,1.1102230246251565e-16,0.9147139700973734,0.9147139700973732,0.7521645429057751,0.743035383019288,0.5755000324270796,0.11119819304998169,0.2790885895973446,0.9147139700973732,0.9147139700973734,0.9147139700973732,0.419089793090919,0.9225468875082041,0.9160724921639949,0.8350053622385922,0.3961331500953268,1.1102230246251565e-16,0.9007416666029071,0.9147139700973734,0.8067221641287328,0.6344583612566519,1.1102230246251565e-16,0.9309019840442683,0.611916865517481,0.7222407619584595,0.7057078681628286,0.7245693027901263,0.9145275462413921,0.8654509447232643,0.9147139700973734,0.8881344363168293,0.5838150269043567,0.8764570504921785,0.914608112017863,0.7245693027901262,0.7965066134275972,0.203834325394039,1.1102230246251565e-16,0.8549471568910829,1.1102230246251565e-16,0.9147139700973732,0.20383432539403912,0.20019474007999882,0.9714761012229671,0.8067221641287328,0.5490794196337236,0.3603351847742896,0.9147139700973732,0.8654509447232643,1.1102230246251565e-16,0.8549471568910829,1.1102230246251565e-16,0.7793610605941235,0.059530564759975646,0.2335546831995643,0.9147139700973732,0.9147139700973734,0.9147139700973732,1.1102230246251565e-16,0.11119819304998191,0.2967133806437682,0.806722164128733,0.7703075519533669,0.8654509447232643,0.11119819304998191,0.6001567705331621,0.9147139700973734,0.9147139700973734,0.0,0.8654509447232643,0.9147139700973734,0.8067221641287328,0.8067221641287328
p32_V,0.5662164007520809,0.9754026870985957,0.8178214249999929,0.8178214249999929,0.593939233080734,0.5617965501609614,0.9595381158738518,0.8434661668868646,0.4551591294580649,0.0,0.4551591294580649,0.11999387819698892,0.4551591294580649,0.60183717847258,0.4718522394456315,0.8178214249999929,0.8731776199406582,0.5088873195150794,0.8995621627536332,0.4551591294580649,0.5473418019992509,0.8434661668868646,0.773249482211315,0.5451232268098547,0.3683961328680161,0.4551591294580649,0.4551591294580648,0.7946821361402241,0.8434661668868646,0.4551591294580649,0.8533838353984147,0.662287715981696,0.9902112381443968,0.5451232268098547,0.8434661668868646,0.7946821361402242,0.607217999572603,0.5998843591522267,0.8434661668868646,0.8178214249999929,0.6116873511116161,0.7946821361402241,0.4551591294580649,0.8434661668868646,0.8434661668868646,0.5451232268098547,0.5099124008422533,0.8964928545610165,0.5567105127241512,0.607217999572603,0.8434661668868646,0.8434661668868646,0.8434661668868646,0.7331087431741656,0.714786361595251,0.808300395256917,0.873601025934176,0.5099124008422531,0.4551591294580649,0.9504949524456503,0.8434661668868646,0.645258191297176,0.9143713615004772,0.4551591294580649,0.8731776199406585,0.5392187406175806,0.8334475932481809,0.8532219363064903,0.7692168343114745,0.9504949524456503,0.7530488945462108,0.8434661668868646,0.9143021089976586,0.8961436058382297,0.8833385017174156,0.9179142998272856,0.7022797256485687,0.9618169765842823,0.566216400752081,0.4551591294580649,0.7337702603612721,0.4551591294580649,0.8434661668868646,0.5662164007520811,0.587633283711753,0.7229019916927251,0.645258191297176,0.2992700724472741,0.6514844652173778,0.8434661668868646,0.7530488945462106,0.4551591294580649,0.7337702603612721,0.4551591294580649,0.5950396687634416,0.5088873195150794,0.36645110824311256,0.8434661668868646,0.8434661668868646,0.8434661668868646,0.4551591294580649,0.386993966167112,0.741397614563611,0.8777979722528733,0.5784228745208384,0.7530488945462108,0.386993966167112,0.9577695383458067,0.8434661668868646,0.8434661668868646,0.4551591294580648,0.938645688086015,0.8434661668868646,0.645258191297176,0.645258191297176
p35_I,0.20383432539403912,0.7401136560965236,0.9007416666029071,0.9007416666029071,0.7793610605941235,0.7612488509152191,0.6344583612566518,0.9147139700973734,1.1102230246251565e-16,0.4551591294580649,0.0,0.5205366985146158,1.1102230246251565e-16,0.7333145652250181,0.11119819304998135,0.9007416666029071,0.9309019840442683,0.059530564759975646,0.8448275862068966,1.1102230246251565e-16,0.12835249042145602,0.9147139700973734,0.8764570504921785,0.7521645429057751,0.6558763991941574,1.1102230246251565e-16,0.0,0.8881344363168293,0.9147139700973734,1.1102230246251565e-16,0.3961331500953271,0.8160005451827621,0.8160005451827621,0.7521645429057751,0.9147139700973734,0.8881344363168293,0.2790885895973446,0.15666916542099285,0.9147139700973734,0.9007416666029071,0.7884313983372082,0.8881344363168293,1.1102230246251565e-16,0.9147139700973734,0.9147139700973732,0.7521645429057751,0.743035383019288,0.5755000324270796,0.11119819304998169,0.2790885895973446,0.9147139700973732,0.9147139700973734,0.9147139700973732,0.419089793090919,0.9225468875082041,0.9160724921639949,0.8350053622385922,0.3961331500953268,1.1102230246251565e-16,0.9007416666029071,0.9147139700973734,0.8067221641287328,0.6344583612566519,1.1102230246251565e-16,0.9309019840442683,0.611916865517481,0.7222407619584595,0.7057078681628286,0.7245693027901263,0.9145275462413921,0.8654509447232643,0.9147139700973734,0.8881344363168293,0.5838150269043567,0.8764570504921785,0.914608112017863,0.7245693027901262,0.7965066134275972,0.203834325394039,1.1102230246251565e-16,0.8549471568910829,1.1102230246251565e-16,0.9147139700973732,0.20383432539403912,0.20019474007999882,0.9714761012229671,0.8067221641287328,0.5490794196337236,0.3603351847742896,0.9147139700973732,0.8654509447232643,1.1102230246251565e-16,0.8549471568910829,1.1102230246251565e-16,0.7793610605941235,0.059530564759975646,0.2335546831995643,0.9147139700973732,0.9147139700973734,0.9147139700973732,1.1102230246251565e-16,0.11119819304998191,0.2967133806437682,0.806722164128733,0.7703075519533669,0.8654509447232643,0.11119819304998191,0.6001567705331621,0.9147139700973734,0.9147139700973734,0.0,0.8654509447232643,0.9147139700973734,0.8067221641287328,0.8067221641287328
p35_W,0.6182677771240876,0.9789908548295996,0.9214092001860097,0.7929803321972938,0.603734755762192,0.5020449983447604,0.9089130783633399,0.8221218816155286,0.5205366985146158,0.11999387819698892,0.5205366985146158,0.0,0.5205366985146158,0.6885552518270732,0.5426943174926782,0.7929803321972938,0.8558846615754216,0.5755808923394607,0.9440626148267052,0.5205366985146158,0.6097701462910625,0.8221218816155286,0.742330749558759,0.48309817179661696,0.28227332573787656,0.5205366985146158,0.5205366985146158,0.7666858686856544,0.8221218816155286,0.5205366985146158,0.8044803452790726,0.6162387105599008,0.8282549784913138,0.48309817179661685,0.8221218816155286,0.7666858686856544,0.6543494350898582,0.4314647563850388,0.8221218816155286,0.7929803321972938,0.5587386959390857,0.7666858686856544,0.5205366985146158,0.8221218816155286,0.8221218816155286,0.6856269582856616,0.5384942160140542,0.7868566033702152,0.6248376974604812,0.6543494350898582,0.8221218816155286,0.8221218816155286,0.8221218816155286,0.783221437115478,0.6416720834344605,0.7264328795264556,0.9171554294356303,0.604990748330309,0.5205366985146158,0.9214092001860097,0.8221218816155286,0.5968871125850725,0.9690304466435354,0.5205366985146158,0.8558846615754216,0.4949126573149205,0.9699413158599022,0.8939119916379262,0.6025226855678236,0.9214092001860097,0.982182583872505,0.8221218816155286,0.8824788079305518,0.9534112173316938,0.8488976617782846,0.8109411645988391,0.6025226855678234,0.9120573020162845,0.6182677771240876,0.5205366985146158,0.6974683095462337,0.5205366985146158,0.8221218816155286,0.6182677771240879,0.645645751459246,0.6607951756622109,0.5968871125850725,0.36660391837148465,0.6933041958478428,0.8221218816155286,0.7193756959919544,0.5205366985146158,0.6974683095462337,0.5205366985146158,0.5398210066915778,0.5755808923394607,0.37443247290370607,0.8221218816155286,0.8221218816155286,0.8221218816155286,0.5205366985146158,0.4605509375248751,0.8178458151487495,0.7875330935277445,0.5209384173198608,0.7193756959919544,0.4605509375248751,0.9209665488963994,0.8221218816155286,0.8221218816155286,0.5205366985146158,0.9821825838725051,0.8221218816155286,0.5968871125850725,0.5968871125850725
p36_M,0.20383432539403912,0.7401136560965236,0.9007416666029071,0.9007416666029071,0.7793610605941235,0.7612488509152191,0.6344583612566518,0.9147139700973734,1.1102230246251565e-16,0.4551591294580649,1.1102230246251565e-16,0.5205366985146158,0.0,0.7333145652250181,0.11119819304998135,0.9007416666029071,0.9309019840442683,0.059530564759975646,0.8448275862068966,1.1102230246251565e-16,0.12835249042145602,0.9147139700973734,0.8764570504921785,0.7521645429057751,0.6558763991941574,1.1102230246251565e-16,0.0,0.8881344363168293,0.9147139700973734,1.1102230246251565e-16,0.3961331500953271,0.8160005451827621,0.8160005451827621,0.7521645429057751,0.9147139700973734,0.8881344363168293,0.2790885895973446,0.15666916542099285,0.9147139700973734,0.9007416666029071,0.7884313983372082,0.8881344363168293,1.1102230246251565e-16,0.9147139700973734,0.9147139700973732,0.7521645429057751,0.743035383019288,0.5755000324270796,0.11119819304998169,0.2790885895973446,0.9147139700973732,0.9147139700973734,0.9147139700973732,0.419089793090919,0.9225468875082041,0.9160724921639949,0.8350053622385922,0.3961331500953268,1.1102230246251565e-16,0.9007416666029071,0.9147139700973734,0.8067221641287328,0.6344583612566519,1.1102230246251565e-16,0.9309019840442683,0.611916865517481,0.7222407619584595,0.7057078681628286,0.7245693027901263,0.9145275462413921,0.8654509447232643,0.9147139700973734,0.8881344363168293,0.5838150269043567,0.8764570504921785,0.914608112017863,0.7245693027901262,0.7965066134275972,0.203834325394039,1.1102230246251565e-16,0.8549471568910829,1.1102230246251565e-16,0.9147139700973732,0.20383432539403912,0.20019474007999882,0.9714761012229671,0.8067221641287328,0.5490794196337236,0.3603351847742896,0.9147139700973732,0.8654509447232643,1.1102230246251565e-16,0.8549471568910829,1.1102230246251565e-16,0.7793610605941235,0.059530564759975646,0.2335546831995643,0.9147139700973732,0.9147139700973734,0.9147139700973732,1.1102230246251565e-16,0.11119819304998191,0.2967133806437682,0.806722164128733,0.7703075519533669,0.8654509447232643,0.11119819304998191,0.6001567705331621,0.9147139700973734,0.9147139700973734,0.0,0.8654509447232643,0.9147139700973734,0.8067221641287328,0.8067221641287328
p37_Y,0.8227131958130902,0.9613165194701512,0.8468477931742464,0.7201663381455363,0.941158808516253,0.9959573680002094,0.7061983936394678,0.7595576992291082,0.7333145652250181,0.60183717847258,0.7333145652250181,0.6885552518270732,0.7333145652250181,0.0,0.6819437728014688,0.7201663381455363,0.8051956931977173,0.7070746187795026,0.8265887813285833,0.7333145652250181,0.8213338959142978,0.7595576992291082,0.6517020307124428,0.9662075244308841,0.39330525460840393,0.7333145652250181,0.7333145652250181,0.9130583576658894,0.7595576992291082,0.7333145652250181,0.6749780680053208,0.8925133889576401,0.7160951469207233,0.966207524430884,0.7595576992291082,0.6846234542782266,0.7442892872526161,0.8142350961333129,0.7595576992291082,0.7201663381455363,0.8764083729579941,0.6846234542782266,0.7333145652250181,0.7595576992291082,0.7595576992291082,0.9006103659731883,0.997063054831373,0.8122185451701798,0.7629695036847448,0.7442892872526161,0.7595576992291082,0.7595576992291082,0.7595576992291082,0.7905646905052808,0.9613713137005815,0.8546988755563445,0.7875348093293388,0.8717533943033042,0.7333145652250181,0.8468477931742462,0.7595576992291082,0.8617930810903963,0.8867920415858501,0.7333145652250181,0.981572565572757,0.8933676345078034,0.9326143104677679,0.9532836755179451,0.862632686312286,0.8468477931742462,0.7188001438952021,0.7595576992291082,0.798840905972058,0.8319018418988751,0.7568189854073362,0.9054054054054055,0.9265466447642083,0.7033030473474791,0.7175962411181969,0.7333145652250181,0.6836243913808797,0.7333145652250181,0.7595576992291082,0.7175962411181969,0.853555395137001,0.9577902378950304,0.9376936021309165,0.5162717007682505,0.773107841739624,0.7595576992291082,0.6206731107752985,0.7333145652250181,0.6836243913808797,0.7333145652250181,0.9884419088156925,0.7913063807613625,0.8325133693454972,0.7595576992291082,0.7595576992291082,0.7595576992291082,0.7333145652250181,0.8439952345680211,0.6364454954754197,0.9105053557880434,0.9732328337870924,0.6206731107752986,0.8439952345680211,0.9265222355431924,0.7595576992291082,0.7595576992291082,0.7333145652250181,0.915054210135009,0.7595576992291082,0.8617930810903963,0.8617930810903963
p39_I,0.2923665097786413,0.7904358027656161,0.8883234342899184,0.8883234342899184,0.846258518240362,0.8222757676641361,0.7503406174615406,0.9040438158026576,0.11119819304998135,0.4718522394456315,0.11119819304998135,0.5426943174926782,0.11119819304998135,0.6819437728014688,0.0,0.8883234342899184,0.9222571157985759,0.16800802874249077,0.9435681392412687,0.11119819304998135,0.2293524015135754,0.9040438158026576,0.8610005644208045,0.8105474002896124,0.612823018455908,0.11119819304998135,0.11119819304998124,0.8741389106002782,0.9040438158026576,0.11119819304998135,0.40863144098699933,0.898058496915334,0.898058496915334,0.8105474002896123,0.9040438158026576,0.8741389106002782,0.35925263578323385,0.2613161853403432,0.9040438158026576,0.8883234342899184,0.8586198564566262,0.8741389106002782,0.11119819304998135,0.9040438158026576,0.9040438158026576,0.8105474002896123,0.7989346899355798,0.6840059989126747,0.21753246753246724,0.35925263578323385,0.9040438158026576,0.9040438158026576,0.9040438158026576,0.4927702653524979,0.9611096066799663,0.8961436058382296,0.9274327489572558,0.4966796486622683,0.11119819304998135,0.8883234342899184,0.9040438158026576,0.8844274541380464,0.6695329912292858,0.11119819304998135,0.9222571157985759,0.6439549711104793,0.7503406174615406,0.7529208939079008,0.7759060688219843,0.941623613378821,0.8486174822951253,0.9040438158026576,0.8741389106002782,0.6525974025974024,0.8610005644208045,0.8319018418988751,0.7759060688219843,0.8464274454676808,0.2923665097786413,0.11119819304998135,0.836799563215701,0.11119819304998135,0.9040438158026576,0.2923665097786413,0.29341629074070574,0.9806523502512027,0.8844274541380464,0.5739839482069711,0.4314647563850389,0.9040438158026576,0.8486174822951253,0.11119819304998135,0.836799563215701,0.11119819304998135,0.8462585182403621,0.16800802874249077,0.23676655509590616,0.9040438158026576,0.9040438158026576,0.9040438158026576,0.11119819304998135,0.21753246753246747,0.3032266789976038,0.7825411308123769,0.8341630021531652,0.8486174822951253,0.21753246753246747,0.7113148414409292,0.9040438158026576,0.9040438158026576,0.11119819304998124,0.9803399327656006,0.9040438158026576,0.8844274541380464,0.8844274541380464
p39_L,0.9209739220306401,0.9072147999147706,0.9365079365079365,0.0,0.5501322945787814,0.584260290358451,0.7284623066791478,0.9454455274410019,0.9007416666029071,0.8178214249999929,0.9007416666029071,0.7929803321972938,0.9007416666029071,0.7201663381455363,0.8883234342899184,0.0,0.3038567786616142,0.8944587355231162,0.7297967590856913,0.9007416666029071,0.9007416666029071,0.9454455274410019,0.41718267497597017,0.5994990605425929,0.7115619702785356,0.9007416666029071,0.900741666602907,0.9284435348764847,0.9454455274410019,0.9007416666029071,0.8356287757594875,0.6248376974604813,0.9534112173316938,0.599499060542593,0.9454455274410019,0.5921281487959629,0.9284435348764848,0.8823020227327001,0.9454455274410019,0.0,0.5308456329673359,0.592128148795963,0.9007416666029071,0.9454455274410019,0.14076705719577953,0.5994990605425929,0.7513885233362247,0.7661758751959327,0.941623613378821,0.9284435348764848,0.14076705719577953,0.9454455274410019,0.7499586674379253,0.9139337034176129,0.6270685674771196,0.6514844652173778,0.3984147924817619,0.9732896760609167,0.9007416666029071,0.2658730158730158,0.9454455274410019,0.8763669688301807,0.7284623066791478,0.9007416666029071,0.6740281741352003,0.7442343545038439,0.8548027612103777,0.7941033976659324,0.773764592700893,0.9365079365079365,0.2622888864366826,0.9454455274410019,0.11269983246841042,0.6015177087162996,0.6377971426404334,0.773107841739624,0.6396250149217766,0.3984147924817618,0.9209739220306401,0.9007416666029071,0.3157091493714327,0.9007416666029071,0.14076705719577953,0.9209739220306401,0.8985161874067803,0.7126296825585404,0.4864474089869044,0.7798762404757245,0.9365079365079365,0.14076705719577953,0.26228888643668236,0.9007416666029071,0.3157091493714327,0.9007416666029071,0.6978829625357503,0.9287596464781034,0.8704952183523649,0.14076705719577953,0.9454455274410019,0.14076705719577953,0.9007416666029071,0.8883234342899183,0.8588650335933432,0.805040220078362,0.567864184298557,0.26228888643668236,0.8883234342899183,0.751756873489025,0.9454455274410019,0.9454455274410019,0.900741666602907,0.9139337034176129,0.9454455274410019,0.8763669688301807,0.8763669688301807
p42_I,0.9449865315126713,0.9354082119201417,0.9558004303912135,0.3038567786616142,0.6868276463719649,0.7105856192918469,0.8109708754568274,0.9620222737343624,0.9309019840442683,0.8731776199406582,0.9309019840442683,0.8558846615754216,0.9309019840442683,0.8051956931977173,0.9222571157985759,0.3038567786616142,0.0,0.9265281641629355,0.9309019840442683,0.9309019840442683,0.9309019840442683,0.9620222737343624,0.4406964037121581,0.7211939858570711,0.7992058208332028,0.9309019840442683,0.9309019840442682,0.9501864518613282,0.9620222737343624,0.9309019840442683,0.8855740864618754,0.6244661919005947,0.9180653509601298,0.7211939858570708,0.9620222737343624,0.3823120030804694,0.9501864518613283,0.9180653509601296,0.9620222737343624,0.3038567786616142,0.6734013676289099,0.3823120030804694,0.9309019840442683,0.9620222737343624,0.18980850633306645,0.7211939858570711,0.7310991031854073,0.8372249205322679,0.9222571157985759,0.9501864518613283,0.18980850633306645,0.9620222737343624,0.9620222737343624,0.9400855310484721,0.7403863112251832,0.7573832729299552,0.5812105357287327,0.8855740864618755,0.9309019840442683,0.3038567786616142,0.9620222737343624,0.9139337034176129,0.8109708754568274,0.9309019840442683,0.9692307692307693,0.8219504796366144,0.8109708754568274,0.7652060368574073,0.7491273969978728,0.9558004303912135,0.4864474089869044,0.9620222737343624,0.38231200308046964,0.6042180440654774,0.7478549360997435,0.842050562052203,0.7491273969978729,0.5812105357287327,0.9449865315126713,0.9309019840442683,0.5236355629110448,0.9309019840442683,0.18980850633306645,0.9449865315126713,0.9354082119201417,0.6991715812019066,0.6424938449654694,0.8467623369516546,0.9558004303912135,0.18980850633306645,0.4864474089869042,0.9309019840442683,0.5236355629110448,0.9309019840442683,0.6868276463719649,0.9265281641629355,0.909846124125091,0.18980850633306645,0.9620222737343624,0.18980850633306645,0.9309019840442683,0.9222571157985759,0.9017498498421852,0.8642800707739282,0.6991715812019066,0.4864474089869042,0.9222571157985759,0.8271872302355374,0.9620222737343624,0.9620222737343624,0.9309019840442682,0.9400855310484721,0.9620222737343624,0.9139337034176129,0.9139337034176129
p49_C,0.25123051764583915,0.7667203026685876,0.8944587355231162,0.8944587355231162,0.7653948856407379,0.8406299447933869,0.6953250500495086,0.9093154687362486,0.059530564759975646,0.5088873195150794,0.059530564759975646,0.5755808923394607,0.059530564759975646,0.7070746187795026,0.16800802874249077,0.8944587355231162,0.9265281641629355,0.0,0.8350053622385922,0.059530564759975646,0.1823599062045792,0.9093154687362486,0.8686369329203225,0.8294034420172323,0.6340937962348383,0.059530564759975646,0.05953056475997576,0.8810534829825484,0.9093154687362486,0.059530564759975646,0.4494412217830477,0.8043536047821926,0.8043536047821924,0.8294034420172323,0.9093154687362486,0.8810534829825484,0.3220048530005256,0.21252325924832505,0.9093154687362486,0.8944587355231162,0.875521781782449,0.8810534829825483,0.059530564759975646,0.9093154687362486,0.9093154687362486,0.7364768616526352,0.7267698371131752,0.6326347311296543,0.16800802874249077,0.3220048530005257,0.9093154687362486,0.9093154687362486,0.9093154687362486,0.45839358345494685,0.9878712367621847,0.8617511221155049,0.824561403508772,0.4494412217830478,0.059530564759975646,0.8944587355231162,0.9093154687362486,0.9004056811857173,0.6953250500495085,0.059530564759975646,0.9265281641629355,0.5873516778528018,0.6953250500495085,0.7744364990321877,0.7071348765953474,0.9287596464781034,0.8569341541201747,0.9093154687362486,0.8810534829825485,0.6202876398926175,0.8686369329203225,0.8717665713111986,0.7071348765953471,0.8228070175438595,0.25123051764583915,0.059530564759975646,0.8457654893676614,0.059530564759975646,0.9093154687362486,0.25123051764583926,0.2500346920502531,0.9482803460895262,0.7944879135578296,0.5205366985146158,0.3984147924817617,0.9093154687362486,0.8569341541201747,0.059530564759975646,0.8457654893676614,0.059530564759975646,0.8636357772786789,0.11754385964912284,0.28806292402254974,0.9093154687362486,0.9093154687362486,0.9093154687362486,0.059530564759975646,0.168008028742491,0.35043708961779274,0.7944879135578296,0.852024323533922,0.8569341541201747,0.168008028742491,0.6586272971327722,0.9093154687362486,0.9093154687362486,0.05953056475997576,0.8569341541201747,0.9093154687362486,0.9004056811857173,0.9004056811857173
