,p1_Q,p7_S,p14_LNT,p19_L,p19_V,p25_E,p27_T,p31_M,p35_I,p36_M,p37_Y,p39_I,p42_LI,p46_L,p49_I,p50_F,p52_T,p56_G,p56_V,p60_V,p60_Y,p64_T,p69_R,p81_V,p84_L,p84_T,p87_C,p87_V,p88_I,p93_V,p94_T,p96_T,p96_Y,p100_V,p100_Y,p103_M,p104_V,p108_L,p108_T,p109_G,p110_R,p111_MT,p111_V,p112_M,p112_V,p122_Q,p123_V,p150_G,p153_S,p154_M,p157_V,p158_L,p162_V,p165_L,p166_S,p169_V,p173_L,p179_L,p185_T,p185_V,p195_N,p198_Y,p205_M,p209_S,p210_V,p213_F,p217_T,p218_L,p218_T,p228_L,p255_L,p259_F,p259_I,p259_L,p261_Y,p269_G,p271_V,p271_YA,p277_F,p277_L,p277_T,p279_R,p282_S,p284_S,p284_T,p286_L,p286_MK,p286_Q,p287_S,p287_T,p288_M,p289_S,p290_V,p292_S,p295_S,p297_S,p297_T,p300_V,p301_Y,p303_P,p304_V,p315_S,p319_N,p319_T,p320_T,p322_F,p326_S,p332_GAP,p333_S,p334_S
p1_Q,0.0,0.9222222222222223,0.9349842085328754,0.8578661890962598,0.7351368174951016,0.8760503664393962,0.9163862396262124,0.06979691584161074,0.12793702798450735,0.06979691584161074,0.7979093719068819,0.25775615467292234,0.9501776204547987,0.7761827487467314,0.8854611714761096,0.8952126336008832,0.12793702798450735,0.25775615467292246,0.9283885125960567,0.9163862396262121,0.8668778043024312,0.06979691584161074,0.1539682539682541,0.9108117414984155,0.9002587326457263,0.9163862396262124,0.12793702798450735,0.37250498009944355,0.8807203190965756,0.848954262506965,0.9283885125960567,0.5244559252690322,0.34585272709210124,0.9222222222222223,0.06979691584161074,0.9283885125960567,0.8578661890962597,0.7809955183952555,0.700205831928177,0.12793702798450735,0.16408268113697078,0.9421615978381526,0.9349842085328754,0.9108117414984154,0.359458871422233,0.8829240243111491,0.9156885321183403,0.12793702798450735,0.9421615978381526,0.9163862396262124,0.7351368174951016,0.12793702798450735,0.712350357579103,0.7857533212760061,0.8890565214469301,0.7997397526550345,0.4715008171357967,0.9283885125960567,0.9283885125960567,0.9349842085328754,0.8623560065027573,0.8714395948288207,0.49980279332557964,0.9740931773105783,0.7351368174951016,0.6571009014690469,0.785753321276006,0.06979691584161074,0.9163862396262121,0.06979691584161074,0.24466931142983617,0.2146278936319217,0.6939168925163155,0.9627429792037538,0.9349842085328754,0.3594265487045536,0.6025253327429392,0.9501776204547987,0.8952126336008832,0.1539682539682541,0.7038727083745329,0.9108117414984154,0.12793702798450735,0.8668778043024312,0.25775615467292246,0.37250498009944344,0.9501776204547987,0.9108117414984154,0.9349842085328754,0.12793702798450735,0.12793702798450735,0.29108244304143316,0.8534011320979065,0.8400913502786427,0.848954262506965,0.8088665740065685,0.8400913502786427,0.835664450469455,0.9108117414984155,0.06979691584161118,0.7239737762630583,0.9283885125960567,0.9283885125960567,0.37250498009944355,0.06979691584161118,0.8854611714761096,0.9283885125960567,0.8760503664393962,0.8623560065027573,0.8445195376448404
p7_S,0.9222222222222223,0.0,0.9349842085328754,0.5512632541467628,0.7861353184743058,0.4798542163081807,0.2146278936319217,0.9163862396262121,0.9108117414984154,0.9163862396262121,0.8036599182347348,0.8952126336008832,0.9501776204547987,0.7341118368570192,0.4343184387187452,0.2577561546729219,0.9108117414984154,0.8952126336008832,0.07928087623501412,0.3594588714222332,0.5182244346183229,0.9163862396262121,0.9222222222222223,0.26525863234408953,0.34585272709210146,0.21462789363192203,0.9108117414984154,0.8760503664393962,0.347937744394613,0.5802105477466302,0.07928087623501412,0.9349842085328754,0.9740931773105783,0.1539682539682541,0.9163862396262121,0.07928087623501412,0.4527848280205995,0.8088995643140064,0.8204529432976444,0.9108117414984155,0.9349842085328754,0.9421615978381526,0.16408268113697044,0.26525863234408964,0.9163862396262121,0.6059393989009407,0.6398434035055192,0.9108117414984154,0.9421615978381526,0.2146278936319218,0.7861353184743058,0.9108117414984154,0.7296093361243567,0.6369709054954544,0.6025253327429392,0.6116164899976431,0.9002587326457263,0.07928087623501412,0.07928087623501412,0.9349842085328754,0.5353221572912636,0.49980279332557953,0.49980279332557953,0.34585272709210124,0.7861353184743058,0.9421615978381526,0.6369709054954544,0.9163862396262121,0.2146278936319217,0.9163862396262121,0.9283885125960567,0.9163862396262121,0.7739440122627235,0.5353221572912636,0.9349842085328757,0.9501776204547987,0.6025253327429392,0.9501776204547987,0.37876061349095,0.9222222222222223,0.7038727083745329,0.26525863234408964,0.9108117414984154,0.5182244346183229,0.8952126336008832,0.9833996026481333,0.9501776204547987,0.26525863234408975,0.9349842085328754,0.9108117414984154,0.9108117414984155,0.8902865685659362,0.5661870235550293,0.8400913502786425,0.5802105477466302,0.6785082926838597,0.6059393989009407,0.526713617352031,0.26525863234408975,0.9163862396262122,0.7182232299352054,0.07928087623501412,0.07928087623501412,0.47985421630818026,0.9163862396262122,0.4343184387187452,0.07928087623501412,0.4798542163081805,0.5353221572912636,0.5934330766986199
p14_LNT,0.9349842085328754,0.9349842085328754,0.0,0.8883166127173869,0.9412798825891893,0.8523534053619506,0.9301058096082875,0.9301058096082875,0.9254459900792926,0.9301058096082875,0.8625203357244327,0.9124064256289324,0.5030078135163081,0.812907283417075,0.9042550095545971,0.9124064256289324,0.9254459900792926,0.9124064256289324,0.9401387174495022,0.7309073669919071,0.8714107612610913,0.9301058096082875,0.9349842085328754,0.9254459900792926,0.9166245472132151,0.9301058096082875,0.9254459900792926,0.8963883546399651,0.841796717658403,0.9035819379589745,0.9401387174495021,0.9456521739130435,0.916624547213215,0.8848291694010937,0.9301058096082875,0.9401387174495022,0.8811878858695605,0.7991181798181014,0.78313190051266,0.9254459900792926,0.9456521739130435,0.5793713380566572,0.9456521739130435,0.9138486996471827,0.9301058096082875,0.9175699139948479,0.9367235372113676,0.9254459900792926,0.5793713380566572,0.9301058096082875,0.9412798825891893,0.9254459900792926,0.9461389047983778,0.7930486559728438,0.6677440418305034,0.7737549999096638,0.9166245472132151,0.9401387174495022,0.9401387174495022,0.4217391304347826,0.8849410019981847,0.8925341307973631,0.8621908265519126,0.7892874920479431,0.9412798825891893,0.9516518779375469,0.9174184540660866,0.9301058096082875,0.7309073669919071,0.9301058096082875,0.9401387174495022,0.9301058096082875,0.8377943069676212,0.8800964126086345,0.9456521739130435,0.958352610071199,0.9652409151453449,0.5030078135163081,0.8043743505712826,0.9349842085328754,0.7803820443548273,0.7531433893736579,0.9254459900792926,0.8714107612610913,0.9124064256289324,0.8523534053619505,0.5030078135163081,0.9254459900792926,0.6326086956521737,0.9254459900792926,0.9254459900792926,0.9082886425523744,0.8774554673949266,0.7014694182516117,0.9035819379589745,0.9402144453026516,0.8663295902619157,0.8626290680425444,0.7531433893736579,0.9301058096082875,0.7644579178495525,0.9401387174495022,0.9401387174495022,0.8523534053619504,0.9301058096082875,0.9042550095545971,0.9401387174495022,0.9779825253609925,0.8849410019981847,0.870031188772491
p19_L,0.8578661890962598,0.5512632541467628,0.8883166127173869,0.0,0.4633689380323305,0.8145450497824196,0.5043592555531626,0.8472013119239037,0.8370142805453098,0.8472013119239037,0.8523520910173603,0.96329735311642,0.6494684886839246,0.9564079940342649,0.7017300707212698,0.4949396635368243,0.8370142805453098,0.9593079349769005,0.4961685263442214,0.41172505090702927,0.19449897612429412,0.8472013119239037,0.8578661890962598,0.6359985598845257,0.5393523467993999,0.41172505090702927,0.8370142805453098,0.8832058519622108,0.7951027204826115,0.05900150998769893,0.4961685263442215,0.8811878858695605,0.8177293458558776,0.4527848280205997,0.8472013119239037,0.4961685263442214,0.4409090909090905,0.9670091893340951,0.7302871290705006,0.8370142805453099,0.8811878858695605,0.8493833371203835,0.5425733605978088,0.4603361733611375,0.9398355165700372,0.2883161677209194,0.17939006013778147,0.8370142805453098,0.8493833371203835,0.5969934601992961,0.6674991851337577,0.8370142805453098,0.709835160377621,0.49482809930081606,0.43623366540739605,0.9356793133738467,0.7000819236355806,0.4961685263442214,0.4961685263442214,0.8883166127173872,0.1600041124389905,0.16252316087348495,0.5646778806520591,0.5393523467994001,0.8205968704598281,0.8943040962248305,0.8640549244620064,0.8472013119239037,0.41172505090702927,0.8472013119239037,0.8691346821673303,0.9398355165700372,0.5942096580642409,0.22421183591686122,0.8811878858695608,0.9089528542036167,0.6530238911972179,0.6494684886839246,0.2627555278167861,0.8578661890962598,0.6801060410398412,0.37250498009944333,0.8370142805453098,0.12895065455051602,0.96329735311642,0.7734901371388332,0.6494684886839246,0.37250498009944344,0.5425733605978085,0.8370142805453098,0.8370142805453099,0.9012951960942787,0.33981820241784644,0.8258840239248781,0.11985274567516124,0.9785922797193162,0.9379026938473343,0.9507487520393094,0.37250498009944333,0.8472013119239037,0.5870062047674207,0.4961685263442214,0.4961685263442214,0.6772234454228372,0.8472013119239037,0.7017300707212698,0.4961685263442214,0.7458842476026284,0.1600041124389905,0.2056702466565199
p19_V,0.7351368174951016,0.7861353184743058,0.9412798825891893,0.4633689380323305,0.0,0.6432829399530988,0.6843133893392623,0.7152630570510995,0.767441259054368,0.7152630570510995,0.7011491815617794,0.768570382866969,0.8118939028293224,0.914537761638772,0.920052136317334,0.7924890863136786,0.767441259054368,0.8939819631010696,0.7296283812393636,0.6843133893392623,0.6036081066444643,0.7152630570510995,0.7351368174951016,0.6632666810913403,0.6234234354092265,0.6843133893392623,0.767441259054368,0.9116809851330823,0.9935244579848184,0.5283259317380273,0.7296283812393636,0.8719708915469211,0.7254548753696501,0.7063473411358736,0.7152630570510995,0.7296283812393636,0.6164666233584006,0.5556783615514711,0.44771614992537034,0.767441259054368,0.7785962786149763,0.9892955458533954,0.7545306567252996,0.7344281885731268,0.7903160012523043,0.683332150140721,0.5303207372958694,0.767441259054368,0.7816291354092679,0.759366333540467,0.41346973572037504,0.767441259054368,0.6575807957117206,0.789405160510279,0.5685830250566588,0.7232613924817097,0.9489842800197883,0.7296283812393636,0.7296283812393636,0.8479052696572444,0.5843635787213413,0.5689206025936042,0.8404446386223081,0.6885356043313389,0.4961636828644501,0.9068712489245409,0.49025475044015243,0.7152630570510995,0.6843133893392623,0.7152630570510995,0.7561354026864848,0.7903160012523043,0.7456166461906277,0.636385169513638,0.9653455044788658,0.8303356770617417,0.7442281313294987,0.8118939028293224,0.6043717159625279,0.7351368174951016,0.7024553836137996,0.6632666810913403,0.767441259054368,0.49739259930886504,0.7685703828669689,0.6891629476761731,0.8118939028293224,0.6632666810913403,0.7545306567252996,0.767441259054368,0.767441259054368,0.8687969376997833,0.6971572587669934,0.9339042182536708,0.577628070338686,0.9867632557049392,0.8860587643029698,0.8652032216623015,0.6632666810913403,0.7152630570510996,0.5359723759292587,0.7296283812393636,0.7296283812393636,0.977059996138463,0.7152630570510996,0.8025530033291732,0.7296283812393636,0.5320239212246438,0.5843635787213413,0.5100644987496825
p25_E,0.8760503664393962,0.4798542163081807,0.8523534053619506,0.8145450497824196,0.6432829399530988,0.0,0.5273786294387206,0.8667499219562913,0.8578661890962597,0.8667499219562913,0.9954178550064317,0.8330068557106268,0.9206011554432783,0.6169170030258764,0.7873159397922891,0.660795175662211,0.8578661890962597,0.8330068557106268,0.42225333511026775,0.6283572042062187,0.7834316281966068,0.8667499219562913,0.8760503664393962,0.5676763251677898,0.6333278166145608,0.5273786294387206,0.8578661890962597,0.8024691358024691,0.575468682774251,0.8427164281930748,0.42225333511026775,0.8963883546399651,0.8410485116358688,0.4798542163081807,0.8667499219562913,0.42225333511026775,0.8145450497824195,0.491217918526359,0.642251668291311,0.8578661890962596,0.8963883546399651,0.9078265160239622,0.47546604536482406,0.5676763251677897,0.8667499219562913,0.8685999172939385,0.9041575612024508,0.8578661890962597,0.9078265160239622,0.5273786294387204,0.532023921224644,0.8578661890962597,0.7358415585970535,0.8814473333954668,0.7801264271042794,0.38105722326862956,0.8410485116358687,0.42225333511026775,0.42225333511026775,0.9779825253609926,0.7994058823561325,0.7664984655424187,0.7664984655424185,0.6333278166145606,0.6432829399530988,0.9078265160239622,0.5939571168794735,0.8667499219562913,0.5273786294387204,0.8667499219562913,0.88587720199709,0.8667499219562913,0.568010527577431,0.7994058823561325,0.8963883546399652,0.9206011554432783,0.5438080163465522,0.9206011554432783,0.660795175662211,0.8760503664393962,0.45322815541109085,0.5676763251677897,0.8578661890962597,0.7834316281966069,0.8330068557106268,0.9521604938271606,0.9206011554432783,0.5676763251677899,0.8963883546399651,0.8578661890962597,0.8578661890962596,0.8251564905623459,0.8289527237733991,0.8042271495035951,0.8427164281930748,0.7089128552121239,0.6754816139229085,0.6903134189803359,0.5676763251677897,0.8667499219562913,0.7176253147713436,0.42225333511026775,0.42225333511026775,0.7484567901234569,0.8667499219562913,0.7082724384890402,0.42225333511026775,0.7484567901234567,0.7994058823561325,0.7252878395138924
p27_T,0.9163862396262124,0.2146278936319217,0.9301058096082875,0.5043592555531626,0.6843133893392623,0.5273786294387206,0.0,0.9101123595505618,0.9667081889530941,0.9101123595505618,0.7032624074917151,0.8873500118590507,0.9464392449415724,0.7031934596023923,0.4832805644903998,0.42970943503644476,0.9667081889530941,0.9988265626235318,0.14354423143020156,0.40870786516853896,0.4683032728797669,0.9101123595505618,0.9163862396262122,0.32084705464311947,0.3980763825549847,0.2724719101123596,0.9667081889530941,0.9677284967237894,0.5063155785022211,0.5359273051321665,0.14354423143020156,0.9004007786918098,0.9890337802489775,0.2146278936319217,0.9101123595505618,0.14354423143020156,0.5043592555531626,0.849670116766845,0.8713943163133895,0.9667081889530942,0.9301058096082877,0.9378217475873267,0.22242713189219954,0.19167482778112455,0.9101123595505618,0.5639644352235291,0.5172557294023679,0.9667081889530941,0.9378217475873267,0.2724719101123595,0.7593663335404672,0.9667081889530941,0.7093208263007618,0.6873052478490269,0.7321165177373856,0.7406775200237317,0.8927747402122239,0.14354423143020156,0.14354423143020156,0.9301058096082875,0.4869655643765829,0.546762946313847,0.3496149902261483,0.39807638255498456,0.8344192777416719,0.8737004247867572,0.7648791377688337,0.9101123595505618,0.2724719101123595,0.9101123595505618,0.9230152118139507,0.9101123595505618,0.7462281283240908,0.5813950525273825,0.9301058096082877,0.9464392449415724,0.5727011939369344,0.8370860366972827,0.4297094350364449,0.9163862396262124,0.6704322711448727,0.19167482778112443,0.9667081889530941,0.4683032728797669,0.9988265626235318,0.9677284967237894,0.9464392449415724,0.3208470546431196,0.9301058096082875,0.9667081889530941,0.9667081889530942,0.8820543241551082,0.5206370550014837,0.8280927547493175,0.5359273051321665,0.7232716489159552,0.6508134080845511,0.6625673415313087,0.19167482778112443,0.9101123595505618,0.7720375265886872,0.14354423143020156,0.14354423143020156,0.5273786294387208,0.9101123595505618,0.4832805644903997,0.14354423143020156,0.5273786294387207,0.4869655643765829,0.5503387905724573
p31_M,0.06979691584161074,0.9163862396262121,0.9301058096082875,0.8472013119239037,0.7152630570510995,0.8667499219562913,0.9101123595505618,0.0,0.06250260091912963,0.0,0.7720375265886873,0.2020625840016098,0.9464392449415724,0.759388831251006,0.8768668579211165,0.8873500118590507,0.06250260091912963,0.2020625840016098,0.9230152118139507,0.9101123595505618,0.8568891052237131,0.0,0.06979691584161074,0.904119584184911,0.892774740212224,0.9101123595505618,0.06250260091912963,0.32542147990372516,0.871770280130447,0.8376206872828256,0.9230152118139507,0.3919205435921017,0.27988490301618585,0.9163862396262124,0.0,0.9230152118139507,0.8472013119239036,0.7645627225554821,0.6777110577492169,0.06250260091912963,0.2224271318921991,0.9378217475873267,0.9301058096082877,0.904119584184911,0.4087078651685392,0.9113603266676167,0.9810350465122359,0.06250260091912963,0.9378217475873267,0.9101123595505618,0.7152630570510994,0.06250260091912963,0.6907668364901722,0.7696775227123267,0.8693451727614858,0.7847134128498907,0.5162678620937831,0.9230152118139507,0.9230152118139507,0.9301058096082875,0.8520280185678188,0.8617931854230565,0.5467629463138473,0.9890337802489775,0.7152630570510994,0.4967447695349252,0.7696775227123269,0.0,0.9101123595505618,0.0,0.143544231430202,0.1362359550561797,0.6709502336679343,0.9464575067186187,0.9301058096082877,0.4041365999749926,0.5727011939369344,0.9464392449415724,0.8873500118590509,0.06979691584161074,0.6704322711448727,0.904119584184911,0.06250260091912963,0.8568891052237131,0.20206258400160992,0.32542147990372505,0.9464392449415724,0.904119584184911,0.9301058096082875,0.06250260091912963,0.06250260091912963,0.2378894791560835,0.8424012235621317,0.8280927547493175,0.8376206872828256,0.7945250566801103,0.8280927547493175,0.8233336866656067,0.904119584184911,2.220446049250313e-16,0.703262407491715,0.9230152118139507,0.9230152118139507,0.3254214799037247,2.220446049250313e-16,0.8768668579211165,0.9230152118139507,0.8667499219562913,0.8520280185678188,0.8328532070006709
p35_I,0.12793702798450735,0.9108117414984154,0.9254459900792926,0.8370142805453098,0.767441259054368,0.8578661890962597,0.9667081889530941,0.06250260091912963,0.0,0.06250260091912963,0.8190262007625286,0.25678616448024727,0.9428683694366096,0.7433473746328352,0.8686576173975478,0.8798396792872256,0.0,0.14886439495118142,0.9178826647822962,0.904119584184911,0.8473479554006293,0.06250260091912963,0.12793702798450735,0.8977272727272727,0.8856260722505465,0.904119584184911,0.0,0.2804475822998149,0.8632212526719856,0.8267949192431123,0.9178826647822962,0.2710274585530844,0.21786718094565583,0.9108117414984154,0.06250260091912963,0.9178826647822962,0.924845473807004,0.7488662073352497,0.6562241745238357,0.0,0.2710274585530844,0.9336763467571927,0.9254459900792926,0.8977272727272727,0.4500192815051145,0.9363304732679119,0.9607673409109,0.0,0.9336763467571927,0.904119584184911,0.6962797515725815,0.0,0.7412512958530992,0.8278737534330509,0.8511876040903206,0.770360336614077,0.55405721099708,0.9178826647822962,0.9178826647822962,0.9254459900792926,0.8421627819157109,0.8525789887924569,0.49318005297276024,0.9976894156010212,0.6962797515725815,0.35150205718143956,0.7543220093053238,0.06250260091912963,0.904119584184911,0.06250260091912963,0.1970749445380071,0.19167482778112488,0.6490126088299886,0.9316961746301906,0.9254459900792926,0.44137961226907174,0.5442133423708773,0.9428683694366096,0.8798396792872256,0.12793702798450735,0.713624073162642,0.8977272727272727,0.0,0.9387507228459315,0.25678616448024716,0.2804475822998149,0.9428683694366096,0.8977272727272727,0.9254459900792926,0.0,0.0,0.29138310181882554,0.8318941720879658,0.816631763011586,0.8267949192431123,0.7808261190683419,0.816631763011586,0.8115554096388977,0.8977272727272727,0.06250260091912985,0.6834790231960015,0.9178826647822962,0.9178826647822962,0.37619049658913983,0.06250260091912985,0.8686576173975475,0.9178826647822962,0.8578661890962598,0.8421627819157109,0.8217095928338563
p36_M,0.06979691584161074,0.9163862396262121,0.9301058096082875,0.8472013119239037,0.7152630570510995,0.8667499219562913,0.9101123595505618,0.0,0.06250260091912963,0.0,0.7720375265886873,0.2020625840016098,0.9464392449415724,0.759388831251006,0.8768668579211165,0.8873500118590507,0.06250260091912963,0.2020625840016098,0.9230152118139507,0.9101123595505618,0.8568891052237131,0.0,0.06979691584161074,0.904119584184911,0.892774740212224,0.9101123595505618,0.06250260091912963,0.32542147990372516,0.871770280130447,0.8376206872828256,0.9230152118139507,0.3919205435921017,0.27988490301618585,0.9163862396262124,0.0,0.9230152118139507,0.8472013119239036,0.7645627225554821,0.6777110577492169,0.06250260091912963,0.2224271318921991,0.9378217475873267,0.9301058096082877,0.904119584184911,0.4087078651685392,0.9113603266676167,0.9810350465122359,0.06250260091912963,0.9378217475873267,0.9101123595505618,0.7152630570510994,0.06250260091912963,0.6907668364901722,0.7696775227123267,0.8693451727614858,0.7847134128498907,0.5162678620937831,0.9230152118139507,0.9230152118139507,0.9301058096082875,0.8520280185678188,0.8617931854230565,0.5467629463138473,0.9890337802489775,0.7152630570510994,0.4967447695349252,0.7696775227123269,0.0,0.9101123595505618,0.0,0.143544231430202,0.1362359550561797,0.6709502336679343,0.9464575067186187,0.9301058096082877,0.4041365999749926,0.5727011939369344,0.9464392449415724,0.8873500118590509,0.06979691584161074,0.6704322711448727,0.904119584184911,0.06250260091912963,0.8568891052237131,0.20206258400160992,0.32542147990372505,0.9464392449415724,0.904119584184911,0.9301058096082875,0.06250260091912963,0.06250260091912963,0.2378894791560835,0.8424012235621317,0.8280927547493175,0.8376206872828256,0.7945250566801103,0.8280927547493175,0.8233336866656067,0.904119584184911,2.220446049250313e-16,0.703262407491715,0.9230152118139507,0.9230152118139507,0.3254214799037247,2.220446049250313e-16,0.8768668579211165,0.9230152118139507,0.8667499219562913,0.8520280185678188,0.8328532070006709
p37_Y,0.7979093719068819,0.8036599182347348,0.8625203357244327,0.8523520910173603,0.7011491815617794,0.9954178550064317,0.7032624074917151,0.7720375265886873,0.8190262007625286,0.7720375265886873,0.0,0.7456232131531233,0.8231849292127782,0.5858629800204778,0.9455596652847595,0.6907449723359038,0.8190262007625286,0.9335004846567809,0.7458573771447652,0.7032624074917151,0.9518812634864677,0.7720375265886873,0.7979093719068819,0.8966910700709171,0.8411145533754893,0.7032624074917151,0.8190262007625286,0.662066806724326,0.7477761922841228,0.907105402159341,0.7458573771447651,0.8577133544560562,0.8987691880156072,0.723973776263058,0.7720375265886873,0.7458573771447652,0.9542869463292183,0.7584294813120347,0.6581403994168897,0.8190262007625286,0.7644579178495525,0.7947367976836859,0.7692648991179294,0.7545497054876402,0.7720375265886873,0.91034269540141,0.9833996026481333,0.8190262007625286,0.9978618416425383,0.8531767120401716,0.7011491815617794,0.8190262007625286,0.8243300564182532,0.9225577716142829,0.9489109158569401,0.8837925026106536,0.6386529294067034,0.7458573771447652,0.7458573771447652,0.9509687910625599,0.9271556037969582,0.9233993501083344,0.8149283568310852,0.8411145533754893,0.7837375843780396,0.8941611613056505,0.7786736313749107,0.7720375265886873,0.7032624074917151,0.7720375265886873,0.7405627391686147,0.8469946788629156,0.9491882643900014,0.9271556037969579,0.9509687910625599,0.8195012819047112,0.9927661473779739,0.8231849292127782,0.6281192151680177,0.7979093719068819,0.9492102050616527,0.6834790231960015,0.8190262007625286,0.8458013216270899,0.8082489703210092,0.8843008389123964,0.8231849292127782,0.6834790231960017,0.7692648991179292,0.8190262007625286,0.8190262007625286,0.6630513024822406,0.9803867983083829,0.9581270830171422,0.8578661890962596,0.631211773164527,0.5758519820912862,0.6053599858849326,0.6834790231960015,0.7720375265886872,0.8248299319727888,0.7458573771447652,0.7458573771447652,0.9490236369465508,0.7720375265886872,0.8868850823138892,0.7458573771447652,0.949023636946551,0.9271556037969582,0.9700116332298978
p39_I,0.25775615467292234,0.8952126336008832,0.9124064256289324,0.96329735311642,0.768570382866969,0.8330068557106268,0.8873500118590507,0.2020625840016098,0.25678616448024727,0.2020625840016098,0.7456232131531233,0.0,0.8862621027296387,0.6984585959690359,0.9347838437045748,0.8588235294117648,0.25678616448024727,0.2852941176470587,0.9035202678273648,0.9988265626235318,0.9817327658023123,0.2020625840016098,0.25775615467292234,0.8798396792872256,0.9643694611567118,0.9988265626235318,0.25678616448024727,0.4920625194531567,0.9258987642125613,0.9460419828259974,0.9035202678273647,0.5211551267714973,0.4431455786491818,0.8952126336008832,0.2020625840016098,0.9035202678273648,0.8859026412097406,0.7694033988986431,0.721669729938612,0.25678616448024716,0.3795455148716047,0.9220762792093473,0.9124064256289324,0.9877614488162916,0.42970943503644465,0.9251946148716969,0.9539055129918461,0.25678616448024727,0.9220762792093473,0.8873500118590507,0.8312761729840192,0.25678616448024727,0.7377641782680789,0.8409767213353478,0.8695566788594911,0.7962844665519262,0.6406405653805506,0.9035202678273648,0.9035202678273648,0.9124064256289324,0.9723462056187635,0.9915095548648585,0.6790611738916492,0.9643694611567117,0.768570382866969,0.6055111634973211,0.8409767213353478,0.2020625840016098,0.8873500118590507,0.2020625840016098,0.3166018971105008,0.2020625840016097,0.7763057936111208,0.8934515569428825,0.9124064256289324,0.5245382982960308,0.7308748321732659,0.9328759950535572,0.9539215686274509,0.25775615467292234,0.7510351707470724,0.8798396792872256,0.25678616448024727,0.9817327658023123,0.38039215686274497,0.40769619134862933,0.8862621027296387,0.8798396792872256,0.9124064256289324,0.25678616448024727,0.25678616448024716,0.4125373169843607,0.9545418806885695,0.857121714404941,0.9460419828259974,0.7424924070482437,0.7845604908304871,0.778596278614976,0.8798396792872256,0.20206258400160992,0.8159964866716756,0.9035202678273648,0.9035202678273648,0.4920625194531567,0.20206258400160992,0.8870198982487706,0.9035202678273648,0.917373183815154,0.9723462056187635,0.9377651010641042
p42_LI,0.9501776204547987,0.9501776204547987,0.5030078135163081,0.6494684886839246,0.8118939028293224,0.9206011554432783,0.9464392449415724,0.9464392449415724,0.9428683694366096,0.9464392449415724,0.8231849292127782,0.8862621027296387,0.0,0.8566286109052337,0.9266294673051141,0.9328759950535572,0.9428683694366096,0.8862621027296387,0.9541275823612556,0.4041365999749925,0.6257394998322483,0.9464392449415724,0.9501776204547986,0.9428683694366096,0.8760890029271102,0.8370860366972825,0.9428683694366096,0.9206011554432783,0.9235926031342738,0.6701503771498432,0.9541275823612556,0.958352610071199,0.9361083921342911,0.819690435931652,0.9464392449415724,0.9541275823612556,0.9089528542036167,0.982305960424954,0.9532209805964067,0.9428683694366097,0.958352610071199,0.43807886916486594,0.958352610071199,0.8518809577986175,0.8370860366972825,0.8264325729365478,0.7123503575791029,0.9428683694366096,0.43807886916486594,0.9464392449415724,0.9495924837647204,0.9428683694366096,0.9459501875652265,0.8907157114813136,0.872041289733735,0.8769016889807152,0.9361083921342912,0.9541275823612556,0.9541275823612556,0.5030078135163085,0.9381255523055323,0.925721380543914,0.7690903786473847,0.6882863979885113,0.8118939028293222,0.9629502551097713,0.8627592655811847,0.9464392449415724,0.6206113183361375,0.9464392449415724,0.9541275823612556,0.8370860366972825,0.8039312874559412,0.7880800166464477,0.958352610071199,0.9680851063829787,0.8720412897337348,0.343971631205674,0.5245382982960309,0.9501776204547987,0.7568201889020039,0.6466302850338446,0.9428683694366096,0.6257394998322483,0.9328759950535572,0.9206011554432783,0.0,0.9428683694366096,0.5030078135163083,0.9428683694366096,0.9428683694366097,0.9297204885728154,0.9060926572319508,0.8264325729365478,0.6701503771498432,0.877565001653465,0.8975667643559955,0.8947310098666852,0.6466302850338446,0.9464392449415724,0.9386058781988813,0.9541275823612556,0.9541275823612556,0.7584951811399712,0.9464392449415724,0.903919540518602,0.9541275823612556,0.9189470128483466,0.9381255523055323,0.9595839655270149
p46_L,0.7761827487467314,0.7341118368570192,0.812907283417075,0.9564079940342649,0.914537761638772,0.6169170030258764,0.7031934596023923,0.759388831251006,0.7433473746328352,0.759388831251006,0.5858629800204778,0.6984585959690359,0.8566286109052337,0.0,0.9690223023821322,0.9166793488861811,0.7433473746328352,0.6984585959690359,0.6800448267371997,0.8567413765014215,0.9971997139171213,0.759388831251006,0.7761827487467314,0.7470996059978523,0.8207838534561898,0.7799674180519068,0.7433473746328352,0.6433162907193457,0.9927737848784499,0.9183718646035046,0.6800448267371997,0.8129072834170747,0.7129795047689171,0.7341118368570192,0.759388831251006,0.6800448267371997,0.9042052214580141,0.8915271440734021,0.7301870798659398,0.7433473746328352,0.8129072834170747,0.833561300430411,0.7095139400423002,0.7470996059978523,0.759388831251006,0.8824368900932946,0.8314298130062263,0.7433473746328352,0.833561300430411,0.7031934596023923,0.914537761638772,0.7433473746328352,0.9751673469736138,0.6894830942146721,0.7064109955500162,0.9522065283459755,0.7129795047689171,0.6800448267371997,0.6800448267371997,0.812907283417075,0.9764100755701597,0.9633484187812431,0.9811015284340785,0.8873890879954602,0.7876524995820506,0.833561300430411,0.9607910438268163,0.759388831251006,0.7799674180519068,0.759388831251006,0.7939271765426033,0.759388831251006,0.9050974992234166,0.92319559487959,0.9084230387251997,0.8566286109052337,0.9342434721894359,0.978620056012184,0.9166793488861811,0.7761827487467314,0.9698826748156242,0.7470996059978522,0.7433473746328352,0.9428741639092744,0.7626022718264998,0.6433162907193457,0.8566286109052337,0.8198928944791827,0.8129072834170747,0.7433473746328352,0.7433473746328352,0.6842831030825356,0.9603514767915966,0.8728501987275117,0.9688045342433775,0.41776831681601134,0.28553921189744735,0.3140457347322255,0.7470996059978523,0.7593888312510062,0.7548274003696417,0.6800448267371997,0.6800448267371997,0.9847470782215509,0.7593888312510062,0.969022302382132,0.6800448267371997,0.9847470782215508,0.9764100755701597,0.9508556436946027
p49_I,0.8854611714761096,0.4343184387187452,0.9042550095545971,0.7017300707212698,0.920052136317334,0.7873159397922891,0.4832805644903998,0.8768668579211165,0.8686576173975478,0.8768668579211165,0.9455596652847595,0.9347838437045748,0.9266294673051141,0.9690223023821322,0.0,0.4415292531321343,0.8686576173975478,0.8456857146812475,0.4965631663801269,0.6965647570198943,0.743279188056627,0.8768668579211165,0.8854611714761096,0.6257784495692036,0.6842965255245197,0.5899226607551472,0.8686576173975478,0.8174665536914664,0.36429156710958566,0.7320653548379181,0.4965631663801269,0.9042550095545971,0.9456341448788446,0.5476885036862695,0.8768668579211165,0.4965631663801269,0.7017300707212697,0.8393650084745055,0.8532411252383696,0.8686576173975477,0.9042550095545974,0.9148247350774215,0.5650441862623135,0.4235528763559041,0.8768668579211165,0.827588991523954,0.7968894278799928,0.8686576173975478,0.9148247350774215,0.5899226607551471,0.9624487306945051,0.8686576173975478,0.6605108756298574,0.951171276517804,0.9138073830405187,0.6757248332529275,0.9456341448788448,0.4965631663801269,0.4965631663801269,0.9042550095545974,0.7591980958663658,0.803517246788921,0.726356003625056,0.6842965255245195,0.6850538703410125,0.9148247350774215,0.8297254770877266,0.8768668579211165,0.5899226607551471,0.8768668579211165,0.8945419101644156,0.8768668579211165,0.9204199956435212,0.8331151360592852,0.8303945883538584,0.9266294673051141,0.8514142200176107,0.903919540518602,0.7088236402021162,0.8854611714761096,0.9328117904584641,0.5246656629625538,0.8686576173975478,0.8187395479308911,0.9347838437045748,0.7873159397922891,0.9266294673051141,0.6257784495692036,0.9042550095545971,0.8686576173975478,0.8686576173975477,0.8384313840169362,0.7885182087483487,0.8324949958301828,0.802118348316953,0.966923899915682,0.8955721940531267,0.8395836360286288,0.5246656629625539,0.8768668579211165,0.8197420028317595,0.4965631663801269,0.4965631663801269,0.7873159397922889,0.8768668579211165,0.4173838209982781,0.4965631663801269,0.787315939792289,0.7591980958663658,0.7461452031807646
p50_F,0.8952126336008832,0.2577561546729219,0.9124064256289324,0.4949396635368243,0.7924890863136786,0.660795175662211,0.42970943503644476,0.8873500118590507,0.8798396792872256,0.8873500118590507,0.6907449723359038,0.8588235294117648,0.9328759950535572,0.9166793488861811,0.4415292531321343,0.0,0.8798396792872256,0.9509803921568628,0.3166018971105006,0.5435328605538625,0.69609964925665,0.8873500118590507,0.8952126336008832,0.4726297035383791,0.443145578649182,0.31588600951902746,0.8798396792872256,0.8330068557106268,0.3812993204735555,0.5305652505861762,0.31660189711050046,0.9124064256289324,0.964369461156712,0.37876061349095,0.8873500118590507,0.3166018971105006,0.6497290873501831,0.7793715516840044,0.7760412245552555,0.8798396792872256,0.9124064256289324,0.9220762792093475,0.37954551487160515,0.4726297035383791,0.8873500118590507,0.5623884969994271,0.6045957286331796,0.8798396792872256,0.9220762792093473,0.42970943503644465,0.8551948764307291,0.8798396792872256,0.6983642149044156,0.6405272104135171,0.5976853358508518,0.6750089984791598,0.8656219677910275,0.3166018971105006,0.3166018971105006,0.9124064256289324,0.4753912536500706,0.4319892204590299,0.596703856080776,0.5418930720148663,0.6670775060795782,0.9220762792093473,0.6405272104135173,0.8873500118590507,0.42970943503644465,0.8873500118590507,0.9035202678273648,0.8873500118590507,0.7763057936111211,0.47539125365007073,0.9459839624711752,0.9328759950535572,0.5976853358508518,0.9328759950535572,0.2852941176470588,0.8952126336008832,0.6854112891233386,0.47262970353837896,0.8798396792872256,0.5350158567861314,0.9539215686274509,0.9138941599757919,0.9328759950535572,0.14886439495118142,0.66276473867139,0.8798396792872256,0.8798396792872256,0.8521868087896134,0.5132846190965796,0.7845604908304868,0.5305652505861762,0.8546328104304601,0.7800721677227891,0.7202932986502533,0.4726297035383791,0.8873500118590509,0.7456232131531233,0.3166018971105006,0.3166018971105006,0.660795175662211,0.8873500118590509,0.4415292531321344,0.3166018971105006,0.660795175662211,0.4753912536500706,0.546899577259393
p52_T,0.12793702798450735,0.9108117414984154,0.9254459900792926,0.8370142805453098,0.767441259054368,0.8578661890962597,0.9667081889530941,0.06250260091912963,0.0,0.06250260091912963,0.8190262007625286,0.25678616448024727,0.9428683694366096,0.7433473746328352,0.8686576173975478,0.8798396792872256,0.0,0.14886439495118142,0.9178826647822962,0.904119584184911,0.8473479554006293,0.06250260091912963,0.12793702798450735,0.8977272727272727,0.8856260722505465,0.904119584184911,0.0,0.2804475822998149,0.8632212526719856,0.8267949192431123,0.9178826647822962,0.2710274585530844,0.21786718094565583,0.9108117414984154,0.06250260091912963,0.9178826647822962,0.924845473807004,0.7488662073352497,0.6562241745238357,0.0,0.2710274585530844,0.9336763467571927,0.9254459900792926,0.8977272727272727,0.4500192815051145,0.9363304732679119,0.9607673409109,0.0,0.9336763467571927,0.904119584184911,0.6962797515725815,0.0,0.7412512958530992,0.8278737534330509,0.8511876040903206,0.770360336614077,0.55405721099708,0.9178826647822962,0.9178826647822962,0.9254459900792926,0.8421627819157109,0.8525789887924569,0.49318005297276024,0.9976894156010212,0.6962797515725815,0.35150205718143956,0.7543220093053238,0.06250260091912963,0.904119584184911,0.06250260091912963,0.1970749445380071,0.19167482778112488,0.6490126088299886,0.9316961746301906,0.9254459900792926,0.44137961226907174,0.5442133423708773,0.9428683694366096,0.8798396792872256,0.12793702798450735,0.713624073162642,0.8977272727272727,0.0,0.9387507228459315,0.25678616448024716,0.2804475822998149,0.9428683694366096,0.8977272727272727,0.9254459900792926,0.0,0.0,0.29138310181882554,0.8318941720879658,0.816631763011586,0.8267949192431123,0.7808261190683419,0.816631763011586,0.8115554096388977,0.8977272727272727,0.06250260091912985,0.6834790231960015,0.9178826647822962,0.9178826647822962,0.37619049658913983,0.06250260091912985,0.8686576173975475,0.9178826647822962,0.8578661890962598,0.8421627819157109,0.8217095928338563
p56_G,0.25775615467292246,0.8952126336008832,0.9124064256289324,0.9593079349769005,0.8939819631010696,0.8330068557106268,0.9988265626235318,0.2020625840016098,0.14886439495118142,0.2020625840016098,0.9335004846567809,0.2852941176470587,0.8862621027296387,0.6984585959690359,0.8456857146812475,0.9509803921568628,0.14886439495118142,0.0,0.9035202678273648,0.9988265626235318,0.901190869567053,0.2020625840016098,0.25775615467292257,0.8798396792872256,0.9368830454776038,0.8850031371061144,0.14886439495118142,0.40769619134862944,0.839298524798326,0.9791876219471704,0.9035202678273648,0.3795455148716047,0.34439808528349736,0.8952126336008832,0.2020625840016098,0.9035202678273648,0.8859026412097407,0.704942677553307,0.6588835992503455,0.14886439495118142,0.3795455148716047,0.9220762792093473,0.9124064256289324,0.8798396792872256,0.42970943503644465,0.8526333912972428,0.8141815992483796,0.14886439495118142,0.9220762792093473,0.8873500118590507,0.8312761729840192,0.14886439495118142,0.7377641782680789,0.9057887298667398,0.9361514270206983,0.7301961496808118,0.6406405653805506,0.9035202678273648,0.9035202678273648,0.9124064256289324,0.9487591457053558,0.9261331273242684,0.596703856080776,0.9643694611567117,0.8312761729840192,0.4480403110662108,0.8409767213353478,0.2020625840016098,0.8873500118590507,0.2020625840016098,0.3166018971105007,0.2020625840016098,0.5876245934396316,0.9487591457053558,0.9124064256289324,0.5245382982960307,0.5310905876896446,0.9328759950535572,0.8558823529411764,0.25775615467292246,0.6197874074996048,0.8798396792872256,0.14886439495118142,0.8571834417271689,0.38039215686274497,0.40769619134862944,0.8862621027296387,0.9043167816546426,0.8043743505712825,0.14886439495118142,0.14886439495118142,0.4125373169843608,0.9545418806885695,0.7845604908304868,0.9791876219471704,0.7424924070482436,0.7845604908304871,0.778596278614976,0.8798396792872256,0.20206258400160992,0.7533707295037895,0.9035202678273648,0.9035202678273648,0.4920625194531567,0.20206258400160992,0.9347838437045748,0.9035202678273648,0.9173731838151538,0.9487591457053558,0.9886155672678238
p56_V,0.9283885125960567,0.07928087623501412,0.9401387174495022,0.4961685263442214,0.7296283812393636,0.42225333511026775,0.14354423143020156,0.9230152118139507,0.9178826647822962,0.9230152118139507,0.7458573771447652,0.9035202678273648,0.9541275823612556,0.6800448267371997,0.4965631663801269,0.3166018971105006,0.9178826647822962,0.9035202678273648,0.0,0.29911765755617603,0.4620620022927464,0.9230152118139507,0.9283885125960567,0.19707494453800667,0.2820274967072103,0.14354423143020156,0.9178826647822962,0.88587720199709,0.3996338113787885,0.5258953440692398,0.0,0.9401387174495022,0.9081663077183642,0.07928087623501412,0.9230152118139507,0.0,0.49616852634422104,0.7611182676208119,0.8469469977356061,0.9178826647822962,0.9401387174495022,0.9467470770415769,0.09210388131744962,0.19707494453800678,0.9230152118139507,0.5521725214444175,0.5865508847026386,0.9178826647822962,0.9467470770415769,0.14354423143020134,0.7296283812393636,0.9178826647822962,0.7510461448821852,0.665752170206579,0.6340374726443004,0.6424078749858606,0.9081663077183642,0.0,0.0,0.9401387174495022,0.479734018285528,0.44297400658786046,0.44297400658786035,0.2820274967072104,0.7296283812393636,0.9467470770415769,0.665752170206579,0.9230152118139507,0.14354423143020145,0.9230152118139507,0.9340659340659341,0.9230152118139507,0.718183429478358,0.4797340182855281,0.9401387174495022,0.9541275823612556,0.6340374726443003,0.9541275823612556,0.31660189711050046,0.9283885125960567,0.6504689631787224,0.19707494453800667,0.9178826647822962,0.4620620022927463,0.9035202678273648,0.88587720199709,0.9541275823612556,0.1970749445380069,0.9401387174495022,0.9178826647822962,0.9178826647822962,0.8989847455447788,0.5115140489913654,0.8527690481461097,0.5258953440692398,0.6253324763487247,0.5521725214444178,0.5642361764784625,0.19707494453800667,0.9230152118139507,0.7405627391686145,0.0,0.0,0.42225333511026797,0.9230152118139507,0.3747841816890355,0.0,0.42225333511026775,0.479734018285528,0.5394180958867798
