,p1_P,p1_Q,p7_S,p11_I,p14_N,p16_R,p19_L,p19_V,p24_Y,p25_E,p27_T,p31_M,p32_V,p35_I,p35_W,p36_K,p36_M,p37_Y,p38_K,p39_I,p42_IL,p49_I,p50_F,p52_T,p56_F,p56_G,p56_V,p60_V,p60_Y,p64_Q,p64_T,p69_R,p70_T,p77_V,p81_V,p83_G,p83_N,p84_L,p84_T,p85_I,p87_C,p87_V,p88_I,p89_G,p93_V,p94_S,p94_T,p96_T,p96_Y,p97_C,p97_T,p98_C,p100_V,p100_Y,p101_G,p103_M,p104_S,p104_V,p108_I,p108_L,p108_T,p109_G,p110_R,p111_T,p111_V,p112_M,p112_V,p119_I,p122_Q,p123_V,p124_S,p133_V,p144_G,p144_S,p145_S,p150_G,p151_KA,p153_S,p154_G,p154_M,p155_M,p157_I,p157_V,p158_L,p158_VMF,p162_V,p165_L,p165_S,p166_S,p169_V,p173_L,p179_L,p179_MW,p183_M,p185_T,p185_V,p189_P,p195_N,p198_Y,p205_M,p209_S,p209_V,p210_V,p213_F,p214_V,p218_L,p218_T,p218_V,p222_T,p225_S,p228_L,p228_M,p232_E,p242_T,p255_L,p256_L,p259_I,p259_L,p260_G,p261_Y,p263_I,p263_L,p263_V,p264_C,p266_V,p269_T,p271_T,p271_V,p271_Y,p273_G,p274_W,p277_F,p277_L,p279_Q,p279_R,p282_S,p284_S,p284_T,p286_L,p286_M,p286_Q,p287_S,p287_T,p288_M,p289_S,p290_L,p290_V,p292_S,p295_S,p301_Y,p303_P,p304_V,p308_L,p309_M,p315_S,p319_N,p319_SMQ,p319_T,p320_T,p322_F,p326_S,p332_GAP,p333_GAP,p333_S,p334_S,p336_V,p338_T,p343_V
p1_P,0.0,0.9601273888585551,0.9578278625933287,0.723466840622514,0.9706743607050923,0.667320903476614,0.9214143866480191,0.9802874864846034,0.8568249018355396,0.9364633264861975,0.7552218444068977,0.5900885664352118,0.8589836567721223,0.4618617648029498,0.7798072469747277,0.9133959131061962,0.7276575860289363,0.9032641403313211,0.7187497090480619,0.7775316653290518,0.9677691742817984,0.9400041048418764,0.9474484248808783,0.4618617648029498,0.723466840622514,0.5642403404304699,0.9601273888585551,0.949408182763448,0.8923634920034154,0.9969098099969165,0.7276575860289363,0.7111208587643021,0.748830527319063,0.7526387346296552,0.9436563830180988,0.6804312546469289,0.9149897715915549,0.9455328419862888,0.9556182732787897,0.6740216884782937,0.4618617648029498,0.6529435503095948,0.9382212673902095,0.7668947124166403,0.9149897715915549,0.9625341025939744,0.9534852273969034,0.3021976608127751,0.5359937425019905,0.9601273888585551,0.7187497090480619,0.9706743607050923,0.9534852273969034,0.7669162705887427,0.9650708778669611,0.9601273888585551,0.9706743607050923,0.8992973516916387,0.9514180759891553,0.8862133523532076,0.8413702465083853,0.4618617648029497,0.965070877866961,0.9706743607050923,0.965070877866961,0.9556182732787897,0.9534852273969034,0.9738562091503267,0.9102169159660394,0.7280297837969856,0.945532841986289,0.8237645174283641,0.7526387346296552,0.7735027074023275,0.6865717391365884,0.4832407239409331,0.5130718954248366,0.965070877866961,0.1085005654348038,0.9514180759891553,0.6804312546469289,0.9246699178966562,0.8453649333885724,0.5900885664352116,0.7696078431372548,0.9160498382495675,0.956257203201184,0.9436563830180991,0.8943092775235799,0.8959117500601521,0.9436563830180988,0.9625341025939744,0.9738562091503269,0.9494081827634481,0.9578278625933287,0.9578278625933287,0.7526387346296552,0.9246699178966562,0.9330121870327301,0.9563561873710767,0.9474484248808783,0.8473274027129977,0.8622994890127978,0.3443170612295715,0.5768156816229344,0.7276575860289363,0.949408182763448,0.8698952553438448,0.6865717391365884,0.667320903476614,0.74223063515784,0.6432239667839597,0.6981228971130267,0.723466840622514,0.6920948361855084,0.7944135335023929,0.8150199778028115,0.9197989868478342,0.7668947124166403,0.9625341025939744,0.9560214517543779,0.9436563830180988,0.8920302811577618,0.748830527319063,0.9823885724846652,0.9738562091503269,0.945532841986289,0.7526387346296552,0.9706743607050923,0.1085005654348038,0.7668947124166403,0.9418147194505384,0.7111208587643021,0.748830527319063,0.9418147194505384,0.4832407239409331,0.9665676572379658,0.6881792291123834,0.5768156816229343,0.9706743607050923,0.9534852273969034,0.9625341025939744,0.4618617648029498,0.4832407239409331,0.7961686797419463,0.9665676572379658,0.9214143866480189,0.9118052272595152,0.9149897715915549,0.9455328419862888,0.7276575860289363,0.8453649333885724,0.7563441120737426,0.895881171070261,0.9601273888585551,0.9601273888585551,0.5130718954248366,0.6603041305074764,0.7276575860289363,0.9436563830180991,0.9601273888585551,0.9296332781798751,0.8433795141123188,0.9246699178966562,0.9181904011896138,0.7488305273190629,0.6603041305074764,0.7526387346296552
p1_Q,0.9601273888585551,0.0,0.9356821187298932,0.5782517082173046,0.9552746646879346,0.4926220024159186,0.8801469297045477,0.7816397382049476,0.7767169625767176,0.9030984798339426,0.9259063777045227,0.14279681679470102,0.6545627784331067,0.17927064534240444,0.6641780043290597,0.867917736190897,0.1015984711025325,0.78365111982058,0.5710574817161582,0.24126705905458679,0.9508438853409205,0.9084986178371042,0.9198521541254845,0.17927064534240444,0.5782517082173046,0.3354110137642301,0.9391891891891893,0.9228410345228375,0.867917736190897,0.7580694202763831,0.1015984711025325,0.16672611598950438,0.6169345611585633,0.6227425623820417,0.9140688072690137,0.5126169578968407,0.8703485734006429,0.9169306462116419,0.9323122135762183,0.5028415530637442,0.17927064534240444,0.4706947075041732,0.9057795636323231,0.6444847443789055,0.8703485734006429,0.9428597341936584,0.9290590469071476,0.558750169606584,0.38050911384132213,0.9391891891891893,0.5710574817161582,0.9552746646879346,0.9290590469071476,0.2118762811975543,0.9467286396096567,0.9391891891891893,0.9552746646879346,0.8630693606237084,0.9259063777045227,0.8264608686323742,0.7580694202763831,0.17927064534240444,0.1239820735810212,0.9552746646879346,0.9467286396096568,0.9323122135762183,0.34905106930540175,0.9601273888585551,0.9432539692674827,0.9157707709644958,0.9169306462116418,0.5919487881334116,0.6227425623820417,0.6545627784331067,0.5219819788949082,0.21187628119755453,0.9601273888585551,0.9467286396096568,0.8886836098899709,0.9259063777045227,0.5126169578968407,0.8851120295357897,0.7641618265965449,0.1427968167947009,0.9601273888585551,0.7486435535339044,0.8112500711879986,0.914068807269014,0.8986358803975991,0.8412521604801253,0.4686868737025305,0.9428597341936584,0.9601273888585551,0.9228410345228375,0.9356821187298932,0.9356821187298932,0.6227425623820417,0.8851120295357897,0.8978350525745127,0.5717699399063323,0.98693886956119,0.9035056103175911,0.7899891809821598,0.5893393393393392,0.9057795636323231,0.1015984711025325,0.9228410345228375,0.6733723327679932,0.521981978894908,0.4926220024159186,0.14279681679470102,0.9467286396096568,0.5395989661511265,0.5782517082173046,0.23573573573573547,0.6864544517764433,0.7178819041043336,0.9465138178781101,0.6444847443789055,0.9428597341936584,0.806054300067903,0.9140688072690137,0.7104396283238865,0.6169345611585633,0.725083375222322,0.9601273888585551,0.9169306462116418,0.6227425623820417,0.9552746646879346,0.8886836098899709,0.6444847443789055,0.9112600357444505,0.16672611598950426,0.6169345611585633,0.9112600357444505,0.21187628119755453,0.8876170047118443,0.3354110137642302,0.35459001088141306,0.9552746646879346,0.9290590469071476,0.9428597341936584,0.17927064534240444,0.21187628119755453,0.29233135398011467,0.8876170047118443,0.8801469297045477,0.865491737659253,0.8703485734006429,0.9169306462116419,0.10159847110253262,0.7641618265965449,0.6283937349610258,0.5479027849102673,0.9391891891891893,0.9391891891891893,0.9601273888585551,0.4819205298683853,0.10159847110253262,0.914068807269014,0.9391891891891893,0.8926817861814731,0.761133809305174,0.8851120295357897,0.8752299412215914,0.6169345611585632,0.4819205298683853,0.6227425623820417
p7_S,0.9578278625933287,0.9356821187298932,0.0,0.6736435722448701,0.9526952729619627,0.5960415128562837,0.5960415128562837,0.8105511896860764,0.7580009013127796,0.48950215206633185,0.3212234956332082,0.9249677526515871,0.8138073222730235,0.9216332632613828,0.8631475891990652,0.6383773763273116,0.9284085353805678,0.815418545479276,0.667044711445492,0.9152298815575819,0.9480089624823687,0.4570220498451978,0.2862356027148396,0.9216332632613828,0.6137861433224923,0.9831911141134067,0.16672611598950438,0.34946077096964245,0.5757120872361283,0.8384945263379799,0.9284085353805678,0.9319727891156462,0.709454605902051,0.6579356976426842,0.33545563043825477,0.6140001057417929,0.8628713389719356,0.39815821190496625,0.2541471049648243,0.6052098126833818,0.9216332632613828,0.9466207370006499,0.317368038722312,0.6796748322461081,0.6305592544067438,0.11159595624150509,0.2896947251016917,0.9395643507647282,0.9930498175347525,0.16672611598950438,0.6066821475851483,0.9526952729619627,0.2896947251016929,0.9900903522459534,0.9436563830180988,0.16672611598950438,0.9526952729619627,0.530288607698979,0.9216332632613828,0.7956269741205821,0.8384945263379797,0.921633263261383,0.9436563830180988,0.9526952729619627,0.17174883036605437,0.35632764992165056,0.9249677526515871,0.9578278625933287,0.6531964220177455,0.6800436213456558,0.9983526228428055,0.8423779187521798,0.6579356976426842,0.6897959727680745,0.6224412785106026,0.9900903522459534,0.8766464980854869,0.9436563830180988,0.9526952729619627,0.32122349563320807,0.614000105741793,0.5083032115588311,0.77949557804989,0.9249677526515871,0.8766464980854869,0.7962904210806203,0.6592428846202705,0.9930498175347526,0.6009854373350516,0.6521485419907718,0.9091129985313784,0.1115959562415052,0.876646498085487,0.8985718406350516,0.10680272108843536,0.9319727891156462,0.6579356976426842,0.5764377179888959,0.5179718779327767,0.5309667844769326,0.374961660017904,0.7237740226073863,0.7994166277746806,0.9521189106100316,0.9785743253029631,0.9284085353805678,0.34946077096964245,0.7087731053129804,0.6224412785106026,0.5960415128562837,0.9768650570675727,0.9436563830180988,0.6383773763273115,0.6736435722448701,0.9356821187298932,0.7220476271637045,0.7542486865853697,0.5396896653168817,0.73536813383787,0.9418306876110508,0.8485450170154007,0.9091129985313784,0.7778774737102163,0.709454605902051,0.8141735724156955,0.876646498085487,0.9983526228428055,0.6009854373350514,0.9526952729619627,0.9526952729619627,0.7353681338378699,0.4389391681557594,0.9319727891156462,0.709454605902051,0.4389391681557594,0.9900903522459534,0.5659250845412089,0.9032215661074927,0.9785743253029631,0.9526952729619627,0.2896947251016929,0.9395643507647282,0.9216332632613828,0.9900903522459534,0.9091129985313784,0.9806295169572142,0.5960415128562837,0.8577344006480088,0.6305592544067438,0.3981582119049665,0.9284085353805678,0.7272795987947362,0.7201861634138467,0.6459167305017113,0.16672611598950438,0.16672611598950438,0.8766464980854869,0.5192524218142089,0.9284085353805678,0.41939244944163034,0.16672611598950438,0.543246016770921,0.7995484867461171,0.5764377179888959,0.6140001057417928,0.709454605902051,0.5864629024688561,0.6579356976426842
p11_I,0.723466840622514,0.5782517082173046,0.6736435722448701,0.0,0.6898111780493084,0.2803103025260739,0.7636557031658513,0.928715552377978,0.6931016939220311,0.8003263154275038,0.592214835916321,0.5079949537685191,0.922819331474709,0.48612988022263803,0.8778284803237764,0.997091919071545,0.5305570190866978,0.9680114331064593,0.42273333424099646,0.5435940972556674,0.7353270994100243,0.7687691643644681,0.6927732646342801,0.48612988022263803,0.4361111111111109,0.6343127154949182,0.5782517082173051,0.5674532811131945,0.7512472313506304,0.9888252460933081,0.5305570190866978,0.5539287144001144,0.5092425330304493,0.5204214582486577,0.5922004707213748,0.3161008830706443,0.9410035925216313,0.61715065698638,0.6450908932178374,0.2985650204143655,0.48612988022263803,0.6232488207073164,0.5657576408536241,0.5316027475532668,0.8105785844181113,0.670180443448045,0.5630126120721815,0.6037084660685114,0.4981159356784006,0.5782517082173051,0.32124300218706203,0.6898111780493084,0.5079949537685191,0.6187446971745452,0.873689208875821,0.5782517082173051,0.6898111780493084,0.6702805482839738,0.930402863462106,0.9766566726980426,0.9888252460933082,0.4861298802226379,0.6305409359617763,0.6898111780493084,0.7013652009849769,0.6450908932178372,0.7830832452868327,0.9090040458458699,0.7736058056081578,0.7153362519989483,0.6654684599229871,0.8250045187740398,0.5204214582486577,0.42823300663916797,0.33297308872246445,0.5161618650518437,0.9090040458458699,0.7721894660081771,0.6898111780493082,0.6982997916100036,0.3161008830706442,0.9287358970091952,0.9383025081409101,0.5079949537685189,0.9090040458458699,0.9526935417950044,0.781244725166081,0.8274118083288114,0.8395983597109756,0.7019451315653873,0.8744540758502984,0.6037084660685113,0.9054587489307739,0.7213275292972468,0.6137861433224923,0.8532158590120034,0.5204214582486577,0.9287358970091952,0.9115291838556929,0.39534959999425556,0.5435940972556673,0.7321592778132049,0.9056907233435094,0.6411334573245058,0.6534438792921846,0.5305570190866978,0.4648704489904929,0.4383220506745569,0.33297308872246456,0.2803103025260739,0.5630126120721818,0.6305409359617764,0.36491986493204953,0.4361111111111109,0.5782517082173046,0.4972183581440971,0.5670775689477958,0.7392130702774315,0.500389518082071,0.8645157148952176,0.6604691046613331,0.9685386108932729,0.9056907233435094,0.5092425330304493,0.5540072257475275,0.9054587489307739,0.9479891165841627,0.4246683878099624,0.6898111780493084,0.6898111780493082,0.500389518082071,0.568075484420822,0.5539287144001144,0.5092425330304493,0.5680754844208219,0.5161618650518437,0.6854181225569345,0.6791315317847681,0.47807140241506274,0.6898111780493084,0.6730479286795071,0.803124398207113,0.48612988022263803,0.5161618650518438,0.6862850057643497,0.7722673938196474,0.9495577803349964,0.9712076912853752,0.8105785844181113,0.5205150511131678,0.530557019086698,0.91537564560717,0.5313550360760877,0.4496239449550581,0.5782517082173051,0.5782517082173051,0.9090040458458699,0.2612750308066032,0.530557019086698,0.6392427382428627,0.5782517082173051,0.8949078794849307,0.5213788651879083,0.9287358970091952,0.9692603641258519,0.5092425330304493,0.2612750308066032,0.5204214582486577
p14_N,0.9706743607050923,0.9552746646879346,0.9526952729619627,0.6898111780493084,0.0,0.6268319601507757,0.6268319601507757,0.7951763981944513,0.9413459685738657,0.9287305509679985,0.9455053787728545,0.9478241142959527,0.8705254311935686,0.9455053787728545,0.8668183267069556,0.9028557018254952,0.9502167640264896,0.8352053315736883,0.6845199446603019,0.9410525984856599,0.09013689095942468,0.9327022622427295,0.9410525984856599,0.9455053787728545,0.6898111780493084,0.9327022622427292,0.9552746646879346,0.42034817295077576,0.6613827320774406,0.8151315333383662,0.9502167640264896,0.9526952729619627,0.7182617700666989,0.722533457925312,0.936799043502051,0.6415379158272474,0.9046435419783454,0.938903878228172,0.9502167640264894,0.6343482689019391,0.9455053787728545,0.9155018172949443,0.9307024433056188,0.7385244695112452,0.6550339900981317,0.9579742892105159,0.5060682820016849,0.9579742892105159,0.936799043502051,0.9552746646879346,0.6845199446603019,0.0,0.5060682820016853,0.9432508700790969,0.960819804501531,0.9552746646879346,0.0,0.6733723327679932,0.791243681760627,0.8964191816678669,0.8151315333383662,0.9455053787728545,0.960819804501531,0.0,0.960819804501531,0.9076747260127624,0.9478241142959527,0.5689131023648555,0.7588399056937019,0.6949294574307158,0.4615904268857649,0.8903928379296469,0.722533457925312,0.7459366951722857,0.6484257322986667,0.9432508700790969,0.9706743607050923,0.16042438217566435,0.9671052631578947,0.9455053787728545,0.6415379158272474,0.9155018172949443,0.8103558271902305,0.9478241142959527,0.9706743607050923,0.8220641008381773,0.7630444917591861,0.596257419077809,0.7225334579253122,0.7182617700666987,0.936799043502051,0.9579742892105161,0.9706743607050923,0.42034817295077564,0.9526952729619627,0.3046205125408519,0.722533457925312,0.9155018172949443,0.9248593881610914,0.5730437180850174,0.688757720004285,0.8079181214178219,0.787033184665282,0.9552746646879346,0.5253117366434883,0.9502167640264896,0.42034817295077576,0.7597708081117693,0.6484257322986667,0.6268319601507757,0.9478241142959527,0.16042438217566435,0.6613827320774406,0.6898111780493084,0.9552746646879346,0.7693924880638023,0.7925068541547566,0.6343482689019388,0.7385244695112452,0.9579742892105161,0.8573561781837953,0.4795215347227727,0.8455405515154795,0.7182617700666989,0.7978034158384059,0.9706743607050923,0.938903878228172,0.722533457925312,0.0,0.9671052631578947,0.7385244695112452,0.4959955676422514,0.9526952729619627,0.7182617700666989,0.4959955676422514,0.9432508700790969,0.6020275558825671,0.9327022622427292,0.9307024433056186,0.0,0.9478241142959527,0.21727113654586028,0.9455053787728545,0.9432508700790969,0.936799043502051,0.9173441846833024,0.9118500693269549,0.7537777575384199,0.6550339900981317,0.4615904268857649,0.9502167640264895,0.8103558271902305,0.7266898009362243,0.8400654630439293,0.9552746646879346,0.9552746646879346,0.9706743607050923,0.6189612058944263,0.9502167640264895,0.9367990435020512,0.9552746646879346,0.9210692468308248,0.8243179077684235,0.9155018172949443,0.9082337064517754,0.7182617700666988,0.6189612058944263,0.722533457925312
p16_R,0.667320903476614,0.4926220024159186,0.5960415128562837,0.2803103025260739,0.6268319601507757,0.0,0.5356955380577428,0.810179808039369,0.7775382197175517,0.8102277338050807,0.3817962100359422,0.4081006609344735,0.9358450400605048,0.38179621003594155,0.9154267852763556,0.8710780344141433,0.43524361739817585,0.916446593999819,0.2295781913426762,0.4966189506254045,0.5898635342598746,0.733284200337682,0.6619554040810771,0.38179621003594155,0.2431298870922447,0.4849189539142901,0.492622002415918,0.41306705100474084,0.5207573856202674,0.9258960079147119,0.43524361739817585,0.46336058716263606,0.24500975472836473,0.25645684398161117,0.700127400835781,0.11984193736403381,0.7444677790193857,0.6282127753681259,0.49871301759036313,0.10153750866709532,0.38179621003594155,0.6339306135960421,0.7969672625685312,0.2993088834874449,0.5868895760813402,0.5969187949175121,0.46907716764922913,0.5232473755951024,0.5437154471188956,0.492622002415918,0.19208401156611066,0.6268319601507757,0.40810066093447406,0.5267604168187519,0.8950065618848296,0.492622002415918,0.6268319601507757,0.6591258713989832,0.9715424057920845,0.9978074919792017,0.9120660149628614,0.38179621003594155,0.5555277786457791,0.6268319601507757,0.634022872855692,0.49871301759036346,0.6520066877934962,0.8729532584142974,0.582781737033278,0.4775420138169645,0.8959677949424574,0.8545383409841125,0.25645684398161117,0.3191718537033168,0.13739028845389467,0.4130670510047414,0.8729532584142973,0.7125179670656051,0.6268319601507757,0.6169458042802958,0.11984193736403381,0.718574050511243,0.9134406518510034,0.4081006609344734,0.9757694358831391,0.9768812058118321,0.8349470775481842,0.9086766724582944,0.7870762780492795,0.814539933744085,0.8044020366470377,0.523247375595102,0.9214143866480191,0.754147148446773,0.52970105000946,0.7950629013967547,0.25645684398161117,0.718574050511243,0.7890111561898646,0.1710007025623096,0.4415067994735138,0.7449074555102455,0.9216072109580491,0.5623143432914224,0.6997839095906633,0.43524361739817585,0.3562203680977357,0.42362372934143533,0.057866081341306,0.12362204724409431,0.46907716764922913,0.5555277786457788,0.17043673682639104,0.16876905622458693,0.4926220024159186,0.3820276998282789,0.5093595628781351,0.6306090449655539,0.29930888348744455,0.8873812698256147,0.6844306398435815,0.9086766724582943,0.9872481063158427,0.24500975472836473,0.5559420492368017,0.9214143866480191,0.8362771854832116,0.36258073079514475,0.6268319601507757,0.6268319601507757,0.29930888348744455,0.4121446312628042,0.46336058716263595,0.24500975472836473,0.3612943321488973,0.4130670510047414,0.5345816419549779,0.48491895391428985,0.5540088801238615,0.6268319601507757,0.5910301810787415,0.7442616335623333,0.38179621003594155,0.4130670510047416,0.5958527650245242,0.8214346722659231,0.8241469816272968,0.8890487980334214,0.5868895760813402,0.30690675187892924,0.43524361739817596,0.945874584212322,0.2675948369688772,0.2631072825140066,0.492622002415918,0.492622002415918,0.8729532584142973,0.10415156493269229,0.43524361739817596,0.6479900829301534,0.492622002415918,0.7687432624191697,0.5292145267784465,0.718574050511243,0.7633102299547054,0.24500975472836484,0.06240380467577111,0.25645684398161117
p19_L,0.9214143866480191,0.8801469297045477,0.5960415128562837,0.7636557031658513,0.6268319601507757,0.5356955380577428,0.0,0.4511223364993793,0.9613290737079108,0.8102277338050807,0.4993710071581189,0.8601812584884585,0.6530395023680362,0.8539676086699075,0.643105359861859,0.48183286908761425,0.8665929804877581,0.8187948465405506,0.3045665508958072,0.9522595378556868,0.5898635342598744,0.6836111510530036,0.49661895062540473,0.8539676086699075,0.3174907179599029,0.9319763974763957,0.4926220024159179,0.4130670510047407,0.24828576989169715,0.8286732216412559,0.8665929804877581,0.8732347843691265,0.28060539091684733,0.29183147291945566,0.7001274008357812,0.5220096202332036,0.823131619595771,0.5746617714532598,0.4352436173981753,0.5085156135120634,0.8539676086699075,0.9301826427992455,0.7969672625685312,0.33390275307627215,0.07557461233483609,0.5969187949175121,0.46907716764922913,0.8873812698256147,0.830636738013564,0.4926220024159179,0.5670258093317644,0.6268319601507757,0.40810066093447406,0.9616194370182003,0.9480032496953443,0.4926220024159179,0.6268319601507757,0.43009346830186646,0.44058360859703016,0.9633851160526692,0.7314504353678,0.8539676086699074,0.8950065618848297,0.6268319601507757,0.634022872855692,0.49871301759036335,0.9211577652032139,0.6673209034766141,0.27740519957045584,0.18248480579273196,0.8959677949424574,0.742877868758776,0.29183147291945566,0.35343147516760487,0.5350113240168382,0.8479260712041896,0.9757694358831391,0.7125179670656051,0.9118500693269549,0.6169458042802957,0.4817928519462864,0.2530351474776372,0.5566673958765003,0.8601812584884583,0.9214143866480191,0.6852128469914642,0.5664153798804632,0.9086766724582944,0.46870461760867876,0.8145399337440851,0.8044020366470379,0.523247375595102,0.9214143866480191,0.754147148446773,0.5297010500094599,0.7950629013967547,0.29183147291945566,0.21071342902003676,0.3308472768234554,0.48614087132191564,0.49661895062540473,0.582632214485564,0.8231458679213586,0.8801469297045477,0.6997839095906633,0.8665929804877581,0.3562203680977357,0.6931429385548222,0.4554871169042495,0.5356955380577428,0.8601812584884585,0.7125179670656051,0.5207573856202672,0.28031030252607403,0.8801469297045477,0.41536847341142713,0.5747505209665329,0.22363094012058582,0.33390275307627204,0.8873812698256147,0.6510898662604339,0.49157812921326793,0.7830087599318794,0.28060539091684733,0.8818751874781392,0.9214143866480191,0.9969301972278102,0.6102031333600568,0.6268319601507757,0.9118500693269549,0.33390275307627226,0.2595937339210853,0.8732347843691266,0.28060539091684733,0.25959373392108465,0.8479260712041896,0.10525918476891205,0.9686775039542475,0.8142993255199977,0.6268319601507757,0.40810066093447417,0.5232473755951021,0.8539676086699075,0.8479260712041895,0.9086766724582942,0.7785024265473166,0.45328083989501333,0.8890487980334214,0.11490653262302875,0.30690675187892924,0.8665929804877581,0.5566673958765003,0.3027592438789338,0.45579908238959144,0.4926220024159179,0.4926220024159179,0.9214143866480189,0.6468724482726671,0.8665929804877581,0.6479900829301534,0.4926220024159179,0.7687432624191697,0.5292145267784465,0.21071342902003676,0.24049224222478505,0.2806053909168478,0.6051246880157461,0.29183147291945566
p19_V,0.9802874864846034,0.7816397382049476,0.8105511896860764,0.928715552377978,0.7951763981944513,0.810179808039369,0.4511223364993793,0.0,0.6722661396574436,0.6316332888658601,0.6606817481972991,0.793565626026201,0.7365704553899322,0.8270781986005468,0.7625260816582519,0.7959504090013927,0.756945803439329,0.6958437809094666,0.6774588019835837,0.7995160632899869,0.7748852549681577,0.8563940623930217,0.7639239080904288,0.8270781986005468,0.6931016939220311,0.9468683092972436,0.7215115501744256,0.6916737177918915,0.6109506835724342,0.8243904848477115,0.756945803439329,0.7690465033275489,0.695946034824435,0.7101489540369832,0.6890696493893206,0.8108875873684369,0.9359019781758473,0.6619959682716243,0.6900178362704479,0.79445729079139,0.8270781986005468,0.8891775861032587,0.9919095481596736,0.7099137677281295,0.5308739207668831,0.7966784943132406,0.7234210101304839,0.9115347013648103,0.7740362342008686,0.7215115501744256,0.8556604492161141,0.7951763981944513,0.6751196737461527,0.8129965246514542,0.9330691757065193,0.7215115501744256,0.7951763981944513,0.614812106125978,0.7072490257611312,0.47793236138049155,0.43114943834747377,0.8270781986005467,0.8087124962499928,0.7951763981944513,0.8182174653804279,0.740293869024105,0.793565626026201,0.8173998748047464,0.6752866054641997,0.5331107689576438,0.9562296937330159,0.9843043437419574,0.7101489540369832,0.7908466214053924,0.7638745661559825,0.8129965246514542,0.8988436806446749,0.7560391256521646,0.9855692462364272,0.8003835808887958,0.7790306680732058,0.6414820174708504,0.3567206585729443,0.793565626026201,0.9802874864846034,0.6960352991917091,0.8003283854933079,0.9368669338861566,0.5420210690017855,0.6677496541200263,0.9368669338861566,0.7383211334488511,0.8568249018355397,0.9618535855500667,0.7580009013127798,0.7580009013127795,0.7101489540369832,0.6079577034404298,0.641004291401194,0.769902382128542,0.6766119023665111,0.5249635428113694,0.4802041948692236,0.8920505630095312,0.8379457979861895,0.756945803439329,0.6466437398321956,0.8946126752251818,0.7638745661559825,0.810179808039369,0.7452642896418695,0.7560391256521646,0.7651171214298997,0.6636499616150379,0.7816397382049476,0.824884997068611,0.7380398943128696,0.6332674538995233,0.7099137677281295,0.9698920622292,0.541269343905957,0.7716687442215997,0.7921810336288231,0.695946034824435,0.9028119310505635,0.8568249018355397,0.8316734518251176,0.7381702682095164,0.7951763981944513,0.9855692462364272,0.7099137677281295,0.5936075386333866,0.769046503327549,0.695946034824435,0.5936075386333866,0.8129965246514542,0.48533220117845666,0.8288257323114028,0.7771448265800995,0.7951763981944513,0.6751196737461527,0.7383211334488509,0.8270781986005468,0.8129965246514543,0.8979348764492865,0.6893797880849772,0.7775382197175515,0.9443895747465707,0.5620299251829572,0.619576597383251,0.756945803439329,0.45948825623669165,0.7241133763379461,0.811391215049559,0.7215115501744256,0.7215115501744256,0.9802874864846034,0.8923656146964931,0.756945803439329,0.7716687442215997,0.7215115501744256,0.50852681281701,0.6558636497582395,0.6079577034404298,0.5560322330065881,0.6959460348244348,0.8262262859581346,0.7101489540369832
p24_Y,0.8568249018355396,0.7767169625767176,0.7580009013127796,0.6931016939220311,0.9413459685738657,0.7775382197175517,0.9613290737079108,0.6722661396574436,0.0,0.5562309764172815,0.846950858452628,0.8683250192834785,0.35663729328171023,0.8935181360164602,0.3590260256013864,0.8032168525691972,0.8408459345314182,0.6700594793990922,0.9150609982936241,0.894891916676304,0.9756978400249716,0.8170465367310745,0.7639239080904281,0.8935181360164602,0.9287155523779778,0.9862158349591905,0.7215115501744256,0.8267636516709792,0.9265500028551692,0.5420090764045067,0.8408459345314182,0.8105511896860766,0.9938937774270707,0.9816165900651534,0.8129682916377388,0.810887587368437,0.8112779605115508,0.9165121936018643,0.7905699017777613,0.79445729079139,0.8935181360164602,0.9897505281945209,0.6070001727259627,0.9886548705790184,0.9083179997437818,0.7966784943132407,0.7717223465148153,0.9717505769064102,0.7716687442215995,0.7215115501744256,0.7665596255998488,0.9413459685738657,0.7234210101304841,0.9168236075903708,0.933069175706519,0.7215115501744256,0.9413459685738657,0.826472853809753,0.7339436434728823,0.28706332117994515,0.4054784012162729,0.8935181360164601,0.7560391256521645,0.9413459685738657,0.8182174653804279,0.840845934531418,0.91662635566781,0.8568249018355396,0.9013918991682504,0.8533644025263543,0.7468347100483711,0.7523779406819365,0.9816165900651534,0.9265370364440428,0.8268680973599088,0.9168236075903708,0.8568249018355396,0.9952475154347824,0.839399675857013,0.846950858452628,0.8108875873684371,0.8891775861032585,0.6136396527323129,0.8683250192834784,0.9382687076754681,0.8757325591101124,0.9598624489922933,0.6477701019731821,0.7661915823820493,0.41398222778034843,0.9368669338861566,0.7383211334488511,0.8568249018355396,0.9168236075903708,0.7580009013127796,0.8105511896860766,0.9816165900651534,0.8891775861032587,0.9597776862226708,0.769902382128542,0.8512359138143455,0.5249635428113697,0.4282080550759577,0.9975386121858851,0.9534186106163025,0.8408459345314182,0.7367036957515876,0.8946126752251817,0.8268680973599088,0.7775382197175517,0.8683250192834785,0.9952475154347824,0.857616984144379,0.9287155523779778,0.8319223749790094,0.7984747612758846,0.7380398943128692,0.9476389701816228,0.9291365762320221,0.9133932160420204,0.48844887232050427,0.8153357816170081,0.506202264765857,0.9938937774270707,0.9164610168759495,0.8568249018355396,0.7468347100483711,0.6541063256919173,0.9413459685738657,0.91248446104672,0.9839422783579951,0.8352879039158045,0.8105511896860764,0.9938937774270707,0.8352879039158045,0.9168236075903708,0.9954511684447591,0.9862158349591905,0.7609639228994471,0.9413459685738657,0.8200236828991471,0.9698920622292,0.8935181360164602,0.9168236075903708,0.9781664813022959,0.723387719236064,0.9286874853860936,0.8113912150495587,0.9083179997437818,0.7892540809367443,0.8408459345314181,0.6907153509801234,0.9694839232991168,0.8113912150495588,0.7215115501744256,0.7215115501744256,0.8568249018355396,0.7600869572197761,0.8408459345314181,0.7716687442215996,0.7215115501744256,0.5436001266296143,0.7072224016479316,0.8891775861032587,0.9024001389744827,0.9938937774270709,0.7600869572197764,0.9816165900651534
p25_E,0.9364633264861975,0.9030984798339426,0.48950215206633185,0.8003263154275038,0.9287305509679985,0.8102277338050807,0.8102277338050807,0.6316332888658601,0.5562309764172815,0.0,0.5748702532175956,0.8869561825427221,0.7661085909654348,0.8819324304459851,0.8963217723300909,0.8508082925853233,0.8921400765145885,0.943486201157729,0.8794605992034006,0.8722850756350264,0.9216701410092853,0.6868262326674965,0.6184770037224121,0.8819324304459851,0.8862133523532076,0.8541933101917512,0.45294221154929515,0.663345253288361,0.8508082925853236,0.9139327861561279,0.8921400765145885,0.8975099922886516,0.9240586189024635,0.9299951858607103,0.5949614700802124,0.8272159100591303,0.8431703508986679,0.6375574492714472,0.5214007724132168,0.8188617558506825,0.8819324304459851,0.8169269766619203,0.588903804706808,0.9529180321786934,0.8431703508986681,0.49541718915354305,0.6200471691019265,0.9089474627043989,0.8630693606237083,0.45294221154929515,0.7928487643060731,0.9287305509679985,0.5496190764797337,0.8770478316357494,0.9151125312372834,0.45294221154929515,0.9287305509679985,0.8654867930779664,0.8819324304459852,0.5211316809681072,0.6368964911794536,0.8819324304459852,0.9151125312372834,0.9287305509679985,0.5409147097526559,0.5947081662972415,0.886956182542722,0.9364633264861975,0.8654867930779664,0.8928241167924638,0.8676296771252239,0.772488139457169,0.9299951858607103,0.884818562576728,0.8353121799920071,0.8770478316357495,0.9364633264861975,0.9151125312372835,0.9287305509679984,0.5748702532175953,0.8272159100591303,0.7920190823302091,0.6265799072838427,0.886956182542722,0.9447836051606242,0.7642092119346555,0.8743081591903986,0.8630693606237085,0.7665638725541157,0.4307015085998456,0.9232881572121616,0.41032642513324924,0.9364633264861975,0.8770478316357493,0.48950215206633185,0.9492430438000943,0.9299951858607103,0.7920190823302091,0.6865361020273928,0.7509380995094392,0.6184770037224121,0.883722696020089,0.6523111795793557,0.9030984798339426,0.9621076550425404,0.8921400765145885,0.5976871225632343,0.9075531106912353,0.8353121799920071,0.8102277338050807,0.8869561825427221,0.9151125312372834,0.8508082925853236,0.8862133523532076,0.9030984798339426,0.9990188861704913,0.663737366286618,0.8188617558506825,0.9129619838114225,0.9089474627043986,0.7294578615129577,0.8630693606237085,0.879757616271194,0.9240586189024635,0.9486871631472313,0.9364633264861975,0.6375574492714473,0.6031325592475205,0.9287305509679985,0.9287305509679984,0.8730059354441513,0.6715481127091831,0.8975099922886516,0.9240586189024635,0.6715481127091831,0.8770478316357495,0.7823861351624863,0.8541933101917513,0.9621076550425404,0.9287305509679985,0.5496190764797337,0.9089474627043987,0.8819324304459851,0.8770478316357495,0.8630693606237085,0.9696793453927413,0.8102277338050807,0.8582421991353937,0.8431703508986681,0.6375574492714472,0.8921400765145886,0.7389638457306857,0.9358437883250297,0.8582421991353939,0.45294221154929515,0.45294221154929515,0.9364633264861975,0.8012893264946561,0.8921400765145886,0.6551802666686666,0.45294221154929515,0.7618879876038793,0.6193687160887338,0.7920190823302091,0.7343148753991422,0.9240586189024635,0.8012893264946561,0.9299951858607103
p27_T,0.7552218444068977,0.9259063777045227,0.3212234956332082,0.592214835916321,0.9455053787728545,0.3817962100359422,0.4993710071581189,0.6606817481972991,0.846950858452628,0.5748702532175956,0.0,0.9994459200262151,0.8343833080852356,0.9225427350427351,0.8762600261823015,0.6056262430874539,0.917527274929723,0.7734325861442206,0.5843444331972205,0.9023455839374082,0.9401067911362968,0.47370495095857423,0.3900354935167344,0.9225427350427351,0.5922148359163211,0.9697583462386145,0.17927064534240467,0.5263207320440542,0.43903427940511386,0.7862070684460837,0.917527274929723,0.921633263261383,0.5332621689871813,0.540338802947595,0.4352778079398054,0.5209070569535358,0.842029012531851,0.41363967477104535,0.26754992420103496,0.5103689583544995,0.9225427350427351,0.9588512180000097,0.5602243949255021,0.5668300961777906,0.540740454985132,0.33391135398393235,0.4775025847208645,0.8594184767202271,0.955940298773827,0.17927064534240467,0.47736422993814465,0.9455053787728545,0.3905120288366396,0.9059873208637055,0.9350926586358448,0.17927064534240467,0.9455053787728545,0.5678110736757958,0.9097222222222221,0.8676904708790931,0.971140899046441,0.9225427350427351,0.9350926586358448,0.9455053787728545,0.39300936812202103,0.2675499242010354,0.9135635240895599,0.9514180759891553,0.5678110736757961,0.4946090085878634,0.898785935562139,0.8706331171547574,0.540338802947595,0.5791094596451856,0.5310203936720186,0.9318149799670833,0.7552218444068975,0.9350926586358448,0.7912436817606273,0.33547008547008494,0.5209070569535359,0.4758337395702167,0.7783706052172146,0.9994459200262152,0.9019018842088712,0.7976918127031123,0.7032243095909567,0.9696793453927413,0.7422039999748054,0.7363885431216586,0.8952989895593095,0.22880992943667366,0.9514180759891553,0.9318149799670832,0.22658059049503254,0.9216332632613831,0.540338802947595,0.4758337395702167,0.6015785622101261,0.4211419512639487,0.3900354935167344,0.7743924616382938,0.8344811741118106,0.8752440718614611,0.9068346860735752,0.917527274929723,0.36412303287484293,0.6500903818259807,0.4175692408315054,0.499371007158119,0.9135635240895599,0.8409413502834441,0.5500955885266741,0.48612988022263837,0.9259063777045227,0.6179671819410354,0.7495476028796162,0.6264899153610607,0.5668300961777905,0.9303786741852553,0.8112557925053647,0.8952989895593095,0.8377617274177025,0.5332621689871813,0.7580305774748954,0.9514180759891553,0.898785935562139,0.6412714014612002,0.9455053787728545,0.7912436817606273,0.5668300961777905,0.4552249236746613,0.9216332632613828,0.5332621689871813,0.31013639613763266,0.9318149799670833,0.524448862109119,0.8988935754843229,0.9761567443031899,0.9455053787728545,0.3035214729524146,0.9303786741852553,0.9225427350427351,0.9318149799670832,0.8952989895593095,0.9243175383504256,0.558158405719207,0.8361113056607279,0.540740454985132,0.2608453659561971,0.917527274929723,0.7783706052172146,0.5472243524249157,0.5591113970659318,0.17927064534240467,0.17927064534240467,0.7552218444068975,0.4878739557372609,0.917527274929723,0.4352778079398065,0.17927064534240467,0.5622572083760242,0.7089586361944129,0.4758337395702167,0.5209070569535357,0.5332621689871814,0.4878739557372609,0.540338802947595
p31_M,0.5900885664352118,0.14279681679470102,0.9249677526515871,0.5079949537685191,0.9478241142959527,0.4081006609344735,0.8601812584884585,0.793565626026201,0.8683250192834785,0.8869561825427221,0.9994459200262151,0.0,0.5970182701897855,0.04254980529973973,0.608235244279872,0.8459148701300732,0.04585738599836031,0.7315551794996396,0.49960228019695674,0.19642597903717018,0.9426552355122242,0.8932559001697251,0.9065007603275312,0.04254980529973973,0.5079949537685191,0.2247007486011604,0.9290590469071476,0.9099875420566619,0.903513359152879,0.7657226064067892,0.04585738599836031,0.09336034454001108,0.5531217728227997,0.5598972973860201,0.8997539971682468,0.43142646731582235,0.8487506472916282,0.9030925742975652,0.9210364733240022,0.42002263095051173,0.04254980529973973,0.3825206172046385,0.8900838935112643,0.585261391247133,0.8487506472916282,0.9333410480433824,0.9172413793103448,0.3035528248699232,0.2515947925845099,0.9290590469071476,0.4996022801969566,0.9478241142959527,0.9172413793103449,0.16470582182342786,0.9378544533734133,0.9290590469071476,0.9478241142959527,0.8967438833834905,0.9135635240895599,0.7975519284486094,0.7177675206256494,0.04254980529973973,0.2490746449287462,0.9478241142959527,0.9378544533734134,0.9210364733240022,0.4511494252873557,0.9534852273969034,0.9902860099350322,0.9527237129128493,0.9030925742975653,0.5239737557427375,0.5598972973860201,0.5970182701897853,0.442351556234705,0.08058703672161793,0.8943727038804681,0.9378544533734134,0.5060682820016851,0.9135635240895599,0.43142646731582235,0.8659734673002315,0.724874827784007,0.09022988505747098,0.8943727038804682,0.706771450000675,0.8294771639646241,0.8997539971682471,0.8643016666940229,0.8148072211698087,0.5601952326744168,0.9333410480433826,0.9534852273969034,0.9099875420566618,0.9249677526515871,0.9249677526515871,0.5598972973860201,0.8659734673002315,0.8808159495588117,0.6558761375908384,0.9880528749307402,0.9834817425888625,0.7550046206868285,0.349051069305401,0.8942057475045917,0.04585738599836031,0.9099875420566619,0.6688137814565716,0.442351556234705,0.4081006609344735,0.09022988505747132,0.9459925606697522,0.4629032615962547,0.5079949537685191,0.14279681679470102,0.6342226039675554,0.6708853846753624,0.9175296730518254,0.5852613912471327,0.9333410480433826,0.7737459405984877,0.8997539971682469,0.6622033406439605,0.5531217728227997,0.7275164119812407,0.9534852273969034,0.9030925742975653,0.5598972973860201,0.9478241142959527,0.506068282001685,0.5852613912471327,0.8964773276695865,0.09336034454001108,0.5531217728227997,0.8964773276695863,0.08058703672161793,0.8688957326687385,0.2247007486011604,0.24707467055216048,0.9478241142959527,0.9172413793103449,0.9333410480433826,0.04254980529973973,0.08058703672161793,0.25159479258451045,0.9324246523323436,0.8601812584884583,0.8430847376956923,0.8487506472916282,0.9030925742975653,0.0458573859983602,0.724874827784007,0.5664898680736992,0.5296174428609293,0.9290590469071476,0.9290590469071476,0.8943727038804681,0.39561648827016205,0.0458573859983602,0.8997539971682471,0.9290590469071476,0.8748042285409663,0.7213423895585114,0.8659734673002315,0.8544451756328506,0.5531217728227997,0.39561648827016205,0.5598972973860201
