,p1_P,p1_Q,p7_S,p14_N,p14_S,p19_L,p19_V,p25_E,p27_T,p31_M,p32_V,p35_I,p35_W,p36_IF,p36_M,p37_Y,p39_I,p39_L,p41_G,p42_L,p48_VF,p49_C,p49_I,p50_F,p52_T,p56_G,p56_V,p60_V,p60_Y,p64_Q,p64_T,p69_R,p81_V,p83_N,p84_L,p84_T,p87_C,p87_V,p88_I,p93_V,p94_T,p95_L,p96_T,p96_Y,p98_C,p99_M,p100_MS,p100_V,p100_Y,p103_M,p104_S,p104_V,p105_MH,p108_L,p108_T,p109_G,p110_R,p111_T,p111_V,p112_M,p112_V,p119_I,p119_L,p122_Q,p123_V,p124_S,p133_V,p150_G,p153_S,p154_G,p154_M,p157_I,p157_V,p158_L,p162_M,p162_V,p165_C,p165_L,p165_S,p166_S,p169_V,p179_L,p183_M,p185_T,p185_V,p195_N,p198_Y,p205_M,p209_S,p209_T,p209_V,p210_V,p213_F,p217_T,p218_L,p218_T,p228_L,p228_M,p241_E,p248_R,p255_L,p259_L,p259_MC,p263_I,p263_L,p266_V,p269_G,p271_Y,p273_G,p277_F,p277_L,p277_T,p279_R,p282_S,p284_S,p284_T,p286_L,p286_M,p286_Q,p287_S,p287_T,p288_M,p289_S,p290_V,p292_S,p295_S,p301_Y,p303_P,p304_V,p315_N,p315_S,p319_N,p319_T,p320_T,p322_F,p326_S,p332_GAP,p333_S,p334_S,p336_T,p337_T,p348_T,p350_Q
p1_P,0.0,0.9478241142959527,0.9552746646879349,0.8634290328339081,0.984757375529173,0.990008015044908,0.9532523620800002,0.9432508700790969,0.7326418844678766,0.7013927048401905,0.9078761942923871,0.5962574190778087,0.8440427548142828,0.33870683389982925,0.8021887471328519,0.9740805175889109,0.8642170791487519,0.8212938438174029,0.8921733427125806,0.9706743607050923,0.7991193708298816,0.6823826492472388,0.9762445376979633,0.9432508700790969,0.5962574190778087,0.6738439229882538,0.960819804501531,0.938903878228172,0.8524194995360055,0.9532523620800001,0.8021887471328519,0.7791220838528663,0.94105259848566,0.9229552573988,0.9389038782281719,0.9502167640264896,0.5962574190778087,0.7190955542552295,0.9797937271886912,0.9796809455882907,0.9671052631578947,0.8921733427125806,0.4813491961305174,0.6552178774463404,0.8770747959407592,0.9080863539481414,0.7991193708298816,0.9526952729619627,0.8212938438174031,0.960819804501531,0.960819804501531,0.8563056910279703,0.9706743607050923,0.9472330059203977,0.8829756689734837,0.5962574190778083,0.9526952729619627,0.9638464989785203,0.9671052631578947,0.9552746646879349,0.9410525984856599,0.8469501790090688,0.9797937271886912,0.9796809455882907,0.7046877883906908,0.9865301634298715,0.7684697220981536,0.5962574190778087,0.960819804501531,0.1604243821756658,0.9526952729619627,0.9191994653721709,0.9124844610467201,0.8121542805076367,0.9706743607050923,0.9602532796677488,0.9432508700790969,0.9933432883152438,0.9347332389752556,0.8705254311935686,0.8723648684059022,0.8770747959407593,0.9411949827946156,0.960819804501531,0.8987678841386002,0.913670898210456,0.9155087646975829,0.9865301634298715,0.9455053787728545,0.9228691514938864,0.8829756689734838,0.9080863539481415,0.4813491961305175,0.8760186612585426,0.8021887471328519,0.9514125223482457,0.8021887471328519,0.7655662160520142,0.8495432345923497,0.8197824987184803,0.7791220838528663,0.9821991039238185,0.6197368421052631,0.9450388064897925,0.9725573417631812,0.9971789356486065,0.9706743607050923,0.9638464989785203,0.20657894736842097,0.9762445376979634,0.8021887471328519,0.8964191816678668,0.9464650721429138,0.5814915658629776,0.998839200853657,0.6648075315359988,0.7054634774280919,0.9579742892105159,0.9478241142959527,0.9526952729619627,0.5962574190778087,0.5962574190778083,0.8904045115430455,0.8975099922886516,0.9064358803698065,0.9821991039238185,0.9411949827946156,0.8021887471328519,0.8923315953882203,0.8686767942676459,0.960819804501531,0.960819804501531,0.8904045115430455,0.8021887471328519,0.9267837191488368,0.960819804501531,0.9173441846833024,0.9100380661584135,0.9028557018254952,0.8850363738465687,0.8886103061473658,0.8934363875743944,0.9340036901929776
p1_Q,0.9478241142959527,0.0,0.9290590469071476,0.9378544533734134,0.8402588300427518,0.8459148701300732,0.7763917376381175,0.9099875420566618,0.9290590469071476,0.14600331099729347,0.6136567798655683,0.1744446825620335,0.6342226039675547,0.9534852273969034,0.08058703672161815,0.7283664336835132,0.2873731757815938,0.9030925742975651,0.8289710790670726,0.9534852273969034,0.9534852273969034,0.33896632669630267,0.8777957184046381,0.9099875420566619,0.1744446825620335,0.3227846061590349,0.9378544533734134,0.9030925742975651,0.8346143129464516,0.7283664336835132,0.08058703672161815,0.1804597701149424,0.9065007603275311,0.8777957184046379,0.9030925742975652,0.9210364733240022,0.1744446825620335,0.40810066093447306,0.8748042285409663,0.8346143129464516,0.9478241142959526,0.8981474109078297,0.5154510863063777,0.35643639269658767,0.9333410480433826,0.7386114433527917,0.9534852273969034,0.9249677526515871,0.14600331099729358,0.9378544533734134,0.9378544533734134,0.831793146587528,0.8943727038804681,0.7946343107697944,0.6991964783771811,0.17444468256203294,0.09336034454001096,0.9426552355122242,0.9478241142959527,0.9290590469071476,0.27797809364037906,0.9426552355122242,0.8748042285409663,0.9989398353394003,0.8233195795740584,0.8688957326687385,0.49960228019695707,0.1744446825620335,0.9378544533734134,0.8298395747129178,0.9249677526515871,0.8718384804291468,0.7452642896418693,0.11487386443396108,0.9534852273969034,0.7067714500006752,0.9099875420566619,0.7737459405984878,0.8964773276695863,0.8960255472765313,0.7975519284486094,0.9333410480433826,0.9030925742975652,0.9378544533734134,0.9249677526515871,0.8630693606237085,0.8515935593205262,0.4958150706952109,0.9994459200262151,0.9135635240895599,0.9648451168835122,0.7386114433527917,0.6093698263679808,0.8033473807478846,0.08058703672161815,0.8964773276695863,0.08058703672161815,0.9210364733240022,0.761353464142569,0.7141485644384988,0.18045977011494252,0.949376934413473,0.9478241142959527,0.7917021009935556,0.8808159495588117,0.6532167525821706,0.4379464977125831,0.9426552355122242,0.9478241142959527,0.8777957184046379,0.1647058218234283,0.6421470786519494,0.8997539971682469,0.14600331099729347,0.857307155233856,0.3056233582991643,0.38252061720463826,0.9333410480433826,0.9172413793103449,0.9249677526515871,0.1744446825620335,0.17444468256203294,0.36875723136800087,0.8374357893841105,0.8515935593205262,0.8374357893841107,0.9030925742975652,0.08058703672161815,0.7141485644384988,0.7917021009935555,0.9378544533734134,0.9378544533734134,0.36875723136800076,0.08058703672161815,0.8838682212384819,0.9378544533734134,0.8688957326687383,0.857307155233856,0.8459148701300732,0.8176507978435505,0.8233195795740584,0.8004559523924883,0.7550046206868284
p7_S,0.9552746646879349,0.9290590469071476,0.0,0.9467286396096568,0.8630693606237085,0.6712619211862325,0.848615685751873,0.4041613221485785,0.23573573573573536,0.916930646211642,0.8163784184742069,0.914068807269014,0.9188301329913816,0.9601273888585551,0.9228410345228377,0.848615685751873,0.9004514695743333,0.9169306462116418,0.8533934645561272,0.9601273888585551,0.9601273888585551,0.957549684311783,0.5717699399063326,0.21187628119755475,0.914068807269014,0.8952461008151391,0.12398207358102153,0.44908866063970765,0.6978822940901002,0.8486156857518731,0.9228410345228377,0.9290590469071477,0.42768501168123874,0.8952461008151389,0.44908866063970754,0.31628498561836627,0.914068807269014,0.8801469297045477,0.43335983103817954,0.6978822940901002,0.2645167082015949,0.853393464556127,0.9323122135762183,0.9416786387405185,0.9428597341936584,0.886039892936286,0.9601273888585551,0.2789250866495796,0.916930646211642,0.12398207358102153,0.9467286396096568,0.5782517082173051,0.9601273888585551,0.8283885597984986,0.8190160387807559,0.9140688072690138,0.9356821187298932,0.9508438853409205,0.2645167082015949,0.4714714714714716,0.9198521541254845,0.9508438853409202,0.957549684311783,0.6978822940901002,0.7213614331136764,0.9671638161915266,0.858230862601103,0.914068807269014,0.9467286396096568,0.9467286396096568,0.2789250866495797,0.5938918799248409,0.8319223749790097,0.9198521541254845,0.9601273888585551,0.7580694202763831,0.4041613221485787,0.6864544517764437,0.9167378113157809,0.654562778433107,0.6495844462769091,0.18495759745676787,0.901932012888744,0.12398207358102153,0.9356821187298932,0.6231331632202325,0.6564780887757321,0.6041158684499535,0.3781201957764201,0.9259063777045229,0.7641618265965449,0.8387026176944359,0.9323122135762183,0.6392575224136545,0.9228410345228377,0.4867324289663587,0.9228410345228377,0.9323122135762183,0.7027362964311663,0.7518257938656063,0.9290590469071476,0.691554464844725,0.9552746646879349,0.9368081831310131,0.8978350525745127,0.814254579490442,0.9601273888585551,0.9508438853409205,0.9552746646879349,0.5717699399063323,0.9228410345228377,0.7660188207415131,0.4686868737025308,0.916930646211642,0.6405027103282805,0.8978350525745127,0.9717339120286466,0.9428597341936584,0.349051069305403,0.9356821187298932,0.914068807269014,0.9140688072690138,0.8876170047118443,0.6915544648447249,0.8727855266413869,0.691554464844725,0.44908866063970754,0.9228410345228376,0.7518257938656063,0.6594254986188917,0.12398207358102153,0.12398207358102153,0.6041158684499535,0.9228410345228376,0.5470039095276482,0.12398207358102153,0.6041158684499532,0.6405027103282805,0.6712619211862325,0.8436896834565453,0.8485489812008322,0.8289502072011716,0.7899891809821595
p14_N,0.8634290328339081,0.9378544533734134,0.9467286396096568,0.0,0.6109609899362898,0.5966804410065554,0.7712155111412875,0.9324073630580625,0.9467286396096568,0.9272297569453578,0.8391442029060008,0.9247227347290918,0.8301000901076067,0.8390765444584992,0.9324073630580625,0.7712155111412875,0.9127937027984507,0.3587122330809669,0.7068933124311747,0.44737138910941965,0.25151881143488,0.9059873208637055,0.8344929348505233,0.9324073630580625,0.9247227347290918,0.9082337064517751,0.9533333333333334,0.4607205202200636,0.6242386645800537,0.7712155111412875,0.9324073630580625,0.9378544533734133,0.929789050250059,0.9082337064517751,0.9272297569453579,0.940704285693148,0.9247227347290918,0.8950065618848296,0.9903301244316955,0.6242386645800537,0.960819804501531,0.8715700468209879,0.940704285693148,0.9127937027984507,0.06770891527019929,0.7622484035884424,0.4473713891094193,0.6772315655751089,0.927229756945358,0.9533333333333334,0.1495238095238095,0.6305409359617764,0.44737138910941954,0.8931723021620114,0.7934015323646655,0.9247227347290918,0.9436563830180988,0.07725062211870182,0.960819804501531,0.6550045231863482,0.9297890502500592,0.39918762729062107,0.7566414648643351,0.6956606133221016,0.6482601384082859,0.5259837998288548,0.9472296429676588,0.9247227347290918,0.1495238095238095,0.8971428571428571,0.9436563830180988,0.9037602654097856,0.7560391256521644,0.929789050250059,0.44737138910941965,0.7880644752131756,0.7427341471495644,0.7888386834194541,0.7871465014302689,0.7626513016906948,0.7586002213526366,0.9499441028332993,0.3587122330809669,0.9533333333333334,0.17174883036605348,0.8971753110062244,0.9599580120759572,0.6077646167814588,0.6169753592027326,0.7289583547430882,0.7934015323646657,0.7622484035884423,0.940704285693148,0.852328562062413,0.9324073630580625,0.39969143736710644,0.9324073630580625,0.33388580681263547,0.8207942653247338,0.8470695012812341,0.9378544533734134,0.6897678751761519,0.960819804501531,0.8435838262279896,0.47857497377761493,0.8023936764964701,0.965070877866961,0.07725062211870182,0.960819804501531,0.49146178992025513,0.9324073630580625,0.6930296932425395,0.3800695801219337,0.927229756945358,0.6420047720573527,0.9977764391205868,0.8993560783434575,0.20804419839827115,0.9378544533734134,0.2981195141683176,0.9247227347290918,0.9247227347290918,0.9015504815029161,0.8779264124213852,0.732731791446751,0.6177169231090748,0.3587122330809669,0.9324073630580625,0.7825949465514719,0.8435838262279898,0.9533333333333334,0.9533333333333334,0.6077646167814588,0.9324073630580625,0.9127937027984507,0.9533333333333334,0.9015504815029161,0.892848324877856,0.8842935691412248,0.8630693606237085,0.8673261925575113,0.9160545183181927,0.8785458033084939
p14_S,0.984757375529173,0.8402588300427518,0.8630693606237085,0.6109609899362898,0.0,0.9549856846806971,0.5321818406450247,0.9104454327238383,0.8630693606237085,0.8129487244923713,0.47358457586083613,0.8065045835414282,0.510168884051841,0.9945402178627998,0.8262574312769602,0.8364647122025584,0.9055451178865903,0.839805748847352,0.2368263662959449,0.8040544855204779,0.7088116193493168,0.7583463953373244,0.7771364549751252,0.8789168584768005,0.8065045835414282,0.7641205864337438,0.8800463052303563,0.8894122526559631,0.9238984240685748,0.6861424628805542,0.8262574312769602,0.8402588300427518,0.8195272249473311,0.9726401130660762,0.8129487244923717,0.847584142533311,0.8065045835414282,0.7301210536753722,0.8725113955941775,0.9238984240685747,0.8992898026034644,0.6698789842232531,0.8475841425333112,0.7758417666463104,0.6509513742117852,0.3888746622796959,0.8040544855204779,0.9604659578146642,0.8129487244923713,0.8800463052303563,0.6836742334839117,0.9802563202565254,0.8040544855204779,0.3173706278851638,0.468951795858463,0.806504583541428,0.8551723207071851,0.6410144954921557,0.8992898026034645,0.8786950792312131,0.8195272249473309,0.7975720627358542,0.9224095993677677,0.8891660187742905,0.8945401949305063,0.6565095663840435,0.9371719547542885,0.8065045835414282,0.6836742334839119,0.9527595487779781,0.8551723207071851,0.7526218911197258,0.6148121061259779,0.8195272249473309,0.8040544855204779,0.9743774141329002,0.9104454327238383,0.9030173734287381,0.964296415180117,0.7934121355340942,0.5935947756054225,0.8713345040681051,0.8398057488473518,0.8800463052303563,0.653196422017746,0.7356956851783664,0.8608781334582696,0.9855612428347276,0.9490114188044478,0.8945542266432118,0.6792660215707336,0.3888746622796959,0.8475841425333112,0.7031068653810748,0.8262574312769602,0.870086956075552,0.8262574312769602,0.7996499170892422,0.5444207404458243,0.6212678759851409,0.8402588300427518,0.8964473502008429,0.8992898026034645,0.7875009754208323,0.9329584759408955,0.7531468486873407,0.9102169159660393,0.6410144954921557,0.8992898026034645,0.9439520762809908,0.8262574312769602,0.9762371757850246,0.8554167794347711,0.8129487244923713,0.9507738062712074,0.8123918641249247,0.9450639632459055,0.7191962487432297,0.8402588300427518,0.7761042363365132,0.8065045835414282,0.806504583541428,0.7469417823139076,0.7562941948692252,0.7707891001496276,0.9314856390337473,0.839805748847352,0.8262574312769602,0.6512834961115075,0.7070089206559966,0.8800463052303563,0.8800463052303563,0.9855612428347276,0.8262574312769602,0.8782826300462772,0.8800463052303563,0.6565095663840439,0.724573442893049,0.7386413732991488,0.7144063179073257,0.6926232510779394,0.7750675628982603,0.557511431451463
p19_L,0.990008015044908,0.8459148701300732,0.6712619211862325,0.5966804410065554,0.9549856846806971,0.0,0.43274635767805414,0.7917086098241963,0.6712619211862325,0.8701560971713898,0.6331174222273761,0.862604757650083,0.610239906533972,0.8923634920034152,0.8324092262953307,0.7699742545076584,0.9601254144399076,0.4722473626966165,0.8906013258083483,0.6981228971130267,0.6981228971130267,0.8566784922845093,0.8873197111062463,0.5769188018924976,0.862604757650083,0.8873197111062463,0.596680441006556,0.37107866421477076,0.24541376709468032,0.7393171729776944,0.8324092262953307,0.845914870130073,0.8096696031350918,0.942576391236837,0.6240004104193848,0.4875331140476963,0.862604757650083,0.8321535178814905,0.8985027984394015,0.10374555954175335,0.6613827320774406,0.6815677536206484,0.9129340909112331,0.827865345434249,0.5673888063508228,0.7593091695324414,0.7952431945582208,0.5130467981449447,0.9207404464123126,0.596680441006556,0.5966804410065555,0.2946785255832176,0.795243194558221,0.9616606803135026,0.6715777133357239,0.8626047576500828,0.8603003109432217,0.6278371278514396,0.6613827320774406,0.6054304436686795,0.877976330929815,0.6278371278514396,0.9821514107491862,0.24541376709468,0.19652029444643804,0.8385594897241702,0.8691599356995261,0.862604757650083,0.670827010985444,0.9584401391201134,0.7010426654184949,0.29174715966995557,0.48761753328646185,0.877976330929815,0.795243194558221,0.5969711057413523,0.6306162538754223,0.5079354043890048,0.9513548514306358,0.4438737391711296,0.9542298838194117,0.6369789266407004,0.7757534581421521,0.596680441006556,0.6383773763273114,0.2690712110384301,0.26221024660171965,0.5952363526364397,0.5500955885266738,0.8277488613305741,0.6409405778596151,0.810228303724114,0.9129340909112331,0.9719641343695363,0.8324092262953307,0.37617950985576565,0.8324092262953307,0.6074396730559103,0.8670986465022756,0.7976409792997082,0.8459148701300732,0.15934524351646961,0.990008015044908,0.6766098532823748,0.35633983801984337,0.9605263144088849,0.9133959131061962,0.6278371278514396,0.990008015044908,0.29195606930703744,0.8861066782782552,0.6290756647989415,0.3986605488931725,0.8195717479304672,0.11237821236320034,0.9944868508609837,0.7904382449822593,0.5673888063508229,0.4629032615962547,0.5130467981449447,0.862604757650083,0.8626047576500828,0.7574517773615934,0.4451769636418933,0.9490437038022588,0.08788731348511358,0.37107866421477076,0.8324092262953305,0.5527826652346155,0.8376893362603799,0.596680441006556,0.596680441006556,0.7168979211803048,0.8324092262953305,0.7312677578802218,0.596680441006556,0.7980056335428816,0.18926462376125697,0.257377049180328,0.6604909523405553,0.6710454415511127,0.6611539382839517,0.8981072930427803
p19_V,0.9532523620800002,0.7763917376381175,0.848615685751873,0.7712155111412875,0.5321818406450247,0.43274635767805414,0.0,0.7133980643993008,0.7388358366204371,0.8084575332374517,0.7707835708564281,0.8352227825097331,0.8235441498959748,0.8287591138537675,0.7493302473701351,0.8241615109084988,0.8761424339573964,0.6854190342511302,0.6027570344254745,0.8287591138537675,0.8287591138537675,0.9924479120147043,0.9401506378073299,0.802943345771062,0.8352227825097331,0.9889335141606006,0.7712155111412873,0.6432420815418454,0.5978579498562662,0.9008466297622925,0.7493302473701351,0.7283664336835134,0.7860086330785103,0.9756085618233648,0.7275959869604149,0.7093012923741702,0.8352227825097331,0.9954521588502636,0.9924479120147043,0.5387968629782809,0.807918121417822,0.5257877406765201,0.8907889849773717,0.7658647144752297,0.7545997246932596,0.8324617191460277,0.8287591138537673,0.7237740226073863,0.8084575332374517,0.7712155111412873,0.7712155111412875,0.5564587483564076,0.9097374847120763,0.4868075093478268,0.4035143546336878,0.8352227825097331,0.7537262370234526,0.7888892552367326,0.8079181214178222,0.793725761186155,0.7365196735449878,0.7888892552367326,0.9726792111120186,0.5978579498562662,0.5498519286611754,0.9569253724082201,0.9817550145631702,0.8352227825097331,0.7712155111412875,0.9566845201816552,0.8282739706812186,0.6311601347204592,0.31929453549357567,0.8233327087043517,0.9097374847120763,0.7117538777599439,0.713398064399301,0.6659883102770252,0.9806128025443851,0.4868075093478268,0.7427028113051424,0.8126235849691001,0.9806577032161242,0.7712155111412873,0.7237740226073863,0.6274221276742431,0.6102358948439481,0.821671041770031,0.7280913067065451,0.994101763702962,0.5312397315056341,0.49918137682345753,0.8907889849773718,0.5499218715588918,0.7493302473701351,0.6589383816031937,0.7493302473701351,0.7093012923741702,0.6927022769423963,0.5091020822911021,0.7283664336835133,0.5504842886621251,0.9532523620800002,0.6655152180872301,0.6694876722751053,0.8139343711303534,0.8473274027129976,0.7888892552367326,0.9532523620800002,0.6210293216630165,0.7941028880560154,0.7427028113051426,0.672014871852707,0.8084575332374517,0.4746862595034025,0.8614054703629268,0.8267547317207748,0.7545997246932596,0.6953299188612385,0.7237740226073861,0.8352227825097331,0.8352227825097331,0.9907389550677672,0.7888092078011588,0.9547203419291588,0.5206936737697458,0.6432420815418454,0.7493302473701353,0.4835818925294144,0.7972560273316458,0.7712155111412873,0.7712155111412873,0.9569253724082201,0.7493302473701353,0.7930244075961035,0.7712155111412873,0.5173487978341069,0.5708474611255938,0.5860317653278742,0.48614098380588855,0.5345432493120008,0.6447575014694502,0.8162545369045039
p25_E,0.9432508700790969,0.9099875420566618,0.4041613221485785,0.9324073630580625,0.9104454327238383,0.7917086098241963,0.7133980643993008,0.0,0.4041613221485785,0.8945985867363793,0.9063896612530362,0.8909673815406054,0.9838872688540727,0.949408182763448,0.9020979020979021,0.9372612678287028,0.873689208875821,0.8945985867363793,0.8807399851386304,0.949408182763448,0.949408182763448,0.9859940202450974,0.7602773078719827,0.5489510489510494,0.8909673815406054,0.8670844479290196,0.30958949409306724,0.588275729438982,0.8178119919285605,0.982033908514583,0.9020979020979021,0.9099875420566617,0.4934645485058159,0.8844900559383151,0.5882757294389819,0.4729801155230058,0.8909673815406054,0.8479260712041894,0.6475161761682844,0.8178119919285605,0.4203481729507761,0.864860254898937,0.9141152780852307,0.873689208875821,0.9274983553430337,0.9851271942048913,0.949408182763448,0.44097928258054386,0.8945985867363794,0.30958949409306724,0.9324073630580625,0.8239103614199486,0.949408182763448,0.6562209058543795,0.7455034704579031,0.8909673815406054,0.9183911361431452,0.9376289363124707,0.4203481729507761,0.5964463630996024,0.8983055020900778,0.9376289363124707,0.9249123863139941,0.8178119919285605,0.8413508685955922,0.8574043736953867,0.8695362546179204,0.8909673815406054,0.9324073630580625,0.9324073630580625,0.44097928258054386,0.7185294377120046,0.691673717791891,0.8983055020900775,0.949408182763448,0.7377368714994237,0.3921078921078922,0.8321346373342502,0.8874035102123434,0.8452693043862964,0.5553800179297386,0.36107925646048566,0.8945985867363795,0.30958949409306724,0.918391136143145,0.7457873170034848,0.7225909319578085,0.7280120461226816,0.5263207320440539,0.9059873208637055,0.9244775136297249,0.7454462085067914,0.9141152780852307,0.6382214824737251,0.9020979020979021,0.6215506871025978,0.9020979020979021,0.9141152780852307,0.6228210159433769,0.6851075532766666,0.9099875420566618,0.8115545120721359,0.9294689385268773,0.8204938660508652,0.870369403955096,0.9411925239911718,0.949408182763448,0.9376289363124707,0.9432508700790969,0.6981709338388162,0.9020979020979021,0.6028666418651337,0.6055584685145436,0.8945985867363793,0.7621936269398986,0.8703694039550958,0.9126099566300081,0.9274983553430338,0.5011809622306669,0.9183911361431452,0.8909673815406054,0.8909673815406054,0.8574043736953867,0.8115545120721359,0.9968555647199246,0.8115545120721359,0.588275729438982,0.9020979020979021,0.7745073980064378,0.8031126377219002,0.30958949409306724,0.30958949409306724,0.7280120461226816,0.9020979020979021,0.6756109227947229,0.30958949409306724,0.7280120461226816,0.762193626939899,0.7380111578412718,0.9499447287081408,0.9080664993069024,0.9784181687980726,0.7335306449894032
p27_T,0.7326418844678766,0.9290590469071476,0.23573573573573536,0.9467286396096568,0.8630693606237085,0.6712619211862325,0.7388358366204371,0.4041613221485785,0.0,0.992500683338551,0.8735779984336305,0.9095756730085702,0.9188301329913816,0.6920948361855082,0.9228410345228377,0.7937257611861552,0.9004514695743333,0.992500683338551,0.8533934645561274,0.9601273888585551,0.9601273888585551,0.8077811548050392,0.7240510711287691,0.4041613221485787,0.9095756730085702,0.9524727679624243,0.12398207358102165,0.44908866063970765,0.5710574817161584,0.7388358366204372,0.9228410345228377,0.9290590469071477,0.42768501168123874,0.8952461008151391,0.44908866063970754,0.31628498561836615,0.9095756730085702,0.9804683885444447,0.5831283605449233,0.6978822940901002,0.2645167082015949,0.8533934645561272,0.8530012719079488,0.9416786387405185,0.9428597341936584,0.7759368971885747,0.8659837236634764,0.2789250866495796,0.916930646211642,0.12398207358102165,0.9467286396096568,0.5782517082173051,0.9601273888585551,0.8283885597984986,0.928724463149178,0.9095756730085702,0.9356821187298932,0.9508438853409205,0.2645167082015949,0.4714714714714716,0.9198521541254845,0.9508438853409202,0.8926817861814733,0.6978822940901002,0.5984786943463931,0.8876170047118446,0.921643268788074,0.9095756730085702,0.9467286396096568,0.7877601355876799,0.2789250866495797,0.5938918799248409,0.8319223749790097,0.9869388695611901,0.9601273888585551,0.8128790898530183,0.4041613221485787,0.6864544517764435,0.9112600357444505,0.7704466326767014,0.7660188207415128,0.18495759745676787,0.9169306462116419,0.12398207358102165,0.9356821187298932,0.6231331632202324,0.656478088775732,0.5315062789016389,0.3781201957764201,0.9259063777045227,0.873870250964967,0.8387026176944359,0.8530012719079488,0.756882795479192,0.9228410345228377,0.4867324289663587,0.9228410345228377,0.8530012719079488,0.8142545794904422,0.8614273420037213,0.9290590469071476,0.691554464844725,0.7326418844678766,0.879127280523857,0.8978350525745127,0.814254579490442,0.9601273888585551,0.9508438853409205,0.7326418844678766,0.5717699399063323,0.9228410345228377,0.7660188207415131,0.4686868737025308,0.9019320128887439,0.5716721316960123,0.9753224764672734,0.9717339120286466,0.9428597341936584,0.3490510693054031,0.9356821187298932,0.9095756730085702,0.9095756730085702,0.8876170047118443,0.6915544648447249,0.8727855266413869,0.691554464844725,0.44908866063970754,0.9228410345228376,0.8614273420037213,0.7747873038332045,0.12398207358102165,0.12398207358102165,0.6041158684499535,0.9228410345228376,0.5470039095276482,0.12398207358102165,0.6041158684499532,0.6405027103282805,0.6712619211862325,0.8436896834565453,0.8485489812008322,0.9459646624055988,0.9010050011363715
p31_M,0.7013927048401905,0.14600331099729347,0.916930646211642,0.9272297569453578,0.8129487244923713,0.8701560971713898,0.8084575332374517,0.8945985867363793,0.992500683338551,0.0,0.5476057166151297,0.03330384289657495,0.5716875712251319,0.7872376640089409,0.07115004561434246,0.6819266751095971,0.22619206837455708,0.8865248226950355,0.7997311662500073,0.9455328419862887,0.9455328419862887,0.22595288504496547,0.8569030967344013,0.8945985867363793,0.03330384289657495,0.20700466106980675,0.927229756945358,0.8865248226950355,0.8550647494083916,0.7662805805281669,0.07115004561434246,0.14600331099729358,0.8905156883199902,0.8569030967344013,0.8865248226950354,0.9075364955241092,0.03330384289657495,0.306906751878929,0.8534001676221523,0.8063391940703133,0.9389038782281719,0.9606178665339191,0.2676470156852738,0.2261920683745573,0.9219447185041647,0.7362243243320588,0.9455328419862887,0.91213988494963,0.13918439716312048,0.927229756945358,0.927229756945358,0.8996713136475564,0.920852411011326,0.7595240217265591,0.6477696863507801,0.0333038428965744,0.22573273611861366,0.9328513034930581,0.938903878228172,0.9169306462116418,0.393274439439946,0.9328513034930581,0.8534001676221524,0.952515860084548,0.9819575691588098,0.8464815273647439,0.4140519205204355,0.03330384289657495,0.927229756945358,0.5627288073591599,0.91213988494963,0.8499273811933401,0.7017134684027759,0.10679049054392031,0.9455328419862887,0.6987549963877497,0.8945985867363793,0.821720471012523,0.8787786022316939,0.8485681929268662,0.762940449116017,0.9823156002860999,0.8865248226950355,0.927229756945358,0.91213988494963,0.8396590512122495,0.8778941279931063,0.5955925419932375,0.9751830899695628,0.8987859355621388,0.9428162676773751,0.6939232200625319,0.35012866456433545,0.7697267193368567,0.07115004561434246,0.8787786022316939,0.07115004561434246,0.9275002067177673,0.7205533242334683,0.6652780517272061,0.14600331099729347,0.9571070673580322,0.8212938438174029,0.7560905075057216,0.8604396808840433,0.6796187525879809,0.5200081700041704,0.9328513034930581,0.5814915658629779,0.8569030967344013,0.07115004561434246,0.6107892469861527,0.8826154666374413,0.06959219858156018,0.832911711949633,0.186909445150514,0.27695342295009373,0.9219447185041647,0.9030925742975653,0.91213988494963,0.03330384289657495,0.0333038428965744,0.3724221697364303,0.8096430434575443,0.8262212926694341,0.8096430434575443,0.8865248226950354,0.07115004561434235,0.6652780517272062,0.7560905075057217,0.927229756945358,0.927229756945358,0.3724221697364303,0.07115004561434235,0.8640137833588839,0.927229756945358,0.8464815273647439,0.8858005450623501,0.8701560971713898,0.7864755162348513,0.7931134596876854,0.8112974164183473,0.7984226675626205
p32_V,0.9078761942923871,0.6136567798655683,0.8163784184742069,0.8391442029060008,0.47358457586083613,0.6331174222273761,0.7707835708564281,0.9063896612530362,0.8735779984336305,0.5476057166151297,0.0,0.5748115883972462,0.13532473770502484,0.9516259891174752,0.5797935905136306,0.4567350065745973,0.611084374662574,0.7491675260440323,0.3832081639175605,0.8796024618034937,0.8796024618034937,0.7426091423985961,0.9837608628769252,0.8136708495417586,0.5748115883972462,0.7251114179746183,0.839144202906001,0.7491675260440323,0.6026934351481985,0.3501858448409454,0.5797935905136306,0.6136567798655683,0.8032221543404942,0.9423392957224157,0.7491675260440324,0.7956130130909984,0.5748115883972462,0.8207718846452923,0.9606506782443898,0.5719203070368355,0.8649493947741798,0.7692091816846887,0.6834656079363841,0.7260023542948999,0.827461830614181,0.6079428537708204,0.8796024618034939,0.8057886266975136,0.6355090612827343,0.839144202906001,0.8391442029060008,0.717196118169706,0.9639882363430092,0.4349458632445754,0.7137930444463354,0.574811588397246,0.6497259160080162,0.8515704133029118,0.8649493947741798,0.8735779984336305,0.7896810727211727,0.851570413302912,0.9666688098070124,0.6950128194822875,0.6917683962364105,0.942544486997301,0.5664321058449999,0.5748115883972462,0.9035685910278322,0.8387338564848426,0.8057886266975138,0.6682703024366317,0.8288486412960392,0.6087491736374688,0.8796024618034937,0.7197856005412508,0.9536405941443609,0.8521982216435922,0.9340745158709878,0.9464497030459995,0.7329559664269372,0.8879272158676936,0.7491675260440325,0.839144202906001,0.9146857181564079,0.6455725576635072,0.7464069671021336,0.9869827353353261,0.8727690650665199,0.8727690650665199,0.7404130041749644,0.6613742530399012,0.7355577458336457,0.7954869945307319,0.5797935905136306,0.7320448064433704,0.5797935905136306,0.8997972888855221,0.5353416710897526,0.6761287924424066,0.6136567798655683,0.67235576635465,0.8321513906479094,0.6567895195741664,0.6915073327811558,0.9505352594965724,0.7828544400384443,0.8515704133029118,0.8321513906479094,0.6836898508201086,0.5797935905136306,0.7329559664269372,0.7405260462526786,0.5915573889489321,0.6306578261772207,0.706836160965943,0.4785279795909444,0.827461830614181,0.7857898977472457,0.8057886266975138,0.5748115883972462,0.574811588397246,0.8460371800005804,0.6413116235167986,0.9272479003981531,0.5792233378410958,0.7491675260440325,0.5797935905136307,0.9686630892269066,0.6434176826744578,0.839144202906001,0.839144202906001,0.8460371800005804,0.5797935905136307,0.9558383135595518,0.839144202906001,0.7755644023332071,0.6640603153996727,0.6650644908409657,0.7044458714933102,0.6917683962364105,0.6538620538876687,0.41973518299577783
p35_I,0.5962574190778087,0.1744446825620335,0.914068807269014,0.9247227347290918,0.8065045835414282,0.862604757650083,0.8352227825097331,0.8909673815406054,0.9095756730085702,0.03330384289657495,0.5748115883972462,0.0,0.556931693968612,0.6660812111219687,0.10208431856969225,0.7120321961003431,0.25489449451781565,0.9503705097915653,0.7928316645531404,0.9436563830180988,0.9436563830180988,0.1992860328788708,0.8519732366637631,0.8909673815406054,0.0,0.1796850198450195,0.9247227347290918,0.8826154666374413,0.8945458583035502,0.7941592537066031,0.10208431856969225,0.17444468256203338,0.8867438223732421,0.8519732366637629,0.8826154666374412,0.9043510168148954,0.0,0.283028857590754,0.84834962743918,0.7996673468631912,0.9367990435020511,0.9738438830425773,0.21230249141678537,0.19584272048414442,0.9192556203701925,0.7245629105251501,0.9262561483619236,0.9091129985313784,0.16881392920482308,0.9247227347290918,0.9247227347290918,0.9373768540637527,0.9262561483619237,0.7512393356419307,0.6356349292784713,6.661338147750939e-16,0.25151881143488064,0.9305379503026641,0.9367990435020512,0.914068807269014,0.41595343694436593,0.9305379503026641,0.84834962743918,0.9419851140237296,0.9841904820561792,0.8411926317207536,0.4413045616139373,0.0,0.9247227347290918,0.4793849637146439,0.9091129985313784,0.8447571993496568,0.6914371393685903,0.06730206660317006,0.9436563830180988,0.7268175158439364,0.8909673815406054,0.8524896907148379,0.874602379581678,0.8379328413116685,0.754773463055548,0.9875321178512796,0.8826154666374413,0.9247227347290918,0.9091129985313784,0.8341351130760775,0.8705431384662514,0.5612903203091842,0.9696793453927413,0.8952989895593095,0.9228926141586434,0.6833785076227201,0.2926067179411781,0.7617935284307678,0.10208431856969225,0.874602379581678,0.10208431856969225,0.8547363036119268,0.710926050845329,0.6537464788566631,0.1744446825620335,0.9466561580801462,0.7129933034328435,0.7908390113413932,0.8556316603821721,0.705080805549922,0.535993742501991,0.9305379503026641,0.4795215347227736,0.8519732366637629,0.10208431856969225,0.6354890616006674,0.8785714285714288,0.03330384289657495,0.8786479475419504,0.21686637255904617,0.2520436005286114,0.9192556203701925,0.8997539971682469,0.9091129985313784,0.0,6.661338147750939e-16,0.398331125408258,0.8030850178272826,0.8202344076226908,0.8030850178272826,0.8826154666374413,0.10208431856969225,0.653746478856663,0.7476875327350843,0.9247227347290918,0.9247227347290918,0.39833112540825777,0.10208431856969225,0.8593288949771141,0.9247227347290918,0.8411926317207536,0.8786479475419504,0.862604757650083,0.7791193414847681,0.7859859700567944,0.8458304402963623,0.8278132035155221
p35_W,0.8440427548142828,0.6342226039675547,0.9188301329913816,0.8301000901076067,0.510168884051841,0.610239906533972,0.8235441498959748,0.9838872688540727,0.9188301329913816,0.5716875712251319,0.13532473770502484,0.556931693968612,0.0,0.8776018717501359,0.6021620200696534,0.49371387842191017,0.637769300209281,0.7783924740294981,0.4828147546782202,0.8728331135066347,0.8728331135066347,0.7332551465762185,0.9698386748415133,0.8918982219482343,0.556931693968612,0.7148594721555386,0.8301000901076067,0.7350644770464738,0.6085244512695536,0.3361580388029606,0.6021620200696534,0.634222603967555,0.74438212780055,0.9573101243910653,0.7350644770464738,0.7841213603341586,0.556931693968612,0.8154577564092007,0.840728907023268,0.5478515379914882,0.8573561781837951,0.6816298103954495,0.6509961992068902,0.4867195794466175,0.8177608767527427,0.6348102859009617,0.9560214517543778,0.7948690975377886,0.6583435651911813,0.8301000901076067,0.8301000901076067,0.9011298295740677,0.9560214517543778,0.5358327559703535,0.6939521773554318,0.5569316939686118,0.6683717076860922,0.8432249638447057,0.857356178183795,0.8624422165296423,0.8097066951404097,0.8432249638447056,0.9123780806546345,0.6691973645476188,0.6933339130513408,0.872117008229006,0.6330641327546302,0.556931693968612,0.8936102945197633,0.7888386834194541,0.7948690975377886,0.6496188092511732,0.9305259402395163,0.5867511066108899,0.8728331135066347,0.7489806895820472,0.845903698495315,0.9209621993127146,0.748163750663666,0.9374989713250306,0.6900903558889135,0.8773682566482,0.9950324589446213,0.8301000901076067,0.9022209364930127,0.6256448843980901,0.6907854403140781,0.9763261589628092,0.8588205446348314,0.9984851989767685,0.693952177355432,0.6348102859009614,0.7023491483395221,0.7498231989786461,0.6021620200696534,0.7169790330039119,0.6021620200696534,0.9381802077320547,0.5054055350271218,0.6541739059200868,0.6342226039675549,0.6473760584821924,0.9186930215647635,0.7064787916971269,0.6741623409921795,0.9855580455092086,0.7944135335023927,0.8432249638447057,0.7693924880638023,0.6659053213213797,0.6021620200696534,0.8293456911076905,0.725937130289863,0.5716875712251319,0.6428200795902611,0.732718673915324,0.4418705707694093,0.8177608767527427,0.7737459405984877,0.7948690975377888,0.556931693968612,0.5569316939686118,0.872117008229006,0.6167724328225483,0.9231574155850095,0.5555651815032608,0.7350644770464738,0.6021620200696536,0.8901238194569856,0.6036584881898331,0.8301000901076067,0.8301000901076067,0.872117008229006,0.6021620200696536,0.9776311719252742,0.8301000901076067,0.8026442410731371,0.6428200795902612,0.6417336454295801,0.5884398584377615,0.575759857737691,0.6224048192436065,0.40987119564773544
p36_IF,0.33870683389982925,0.9534852273969034,0.9601273888585551,0.8390765444584992,0.9945402178627998,0.8923634920034152,0.8287591138537675,0.949408182763448,0.6920948361855082,0.7872376640089409,0.9516259891174752,0.6660812111219687,0.8776018717501359,0.0,0.949408182763448,0.990715855570385,0.9488206041408553,0.7872376640089408,0.9038725959972105,0.9738562091503267,0.7696078431372549,0.7389394620473368,0.9563561873710767,0.949408182763448,0.6660812111219687,0.7316978731828482,0.965070877866961,0.945532841986289,0.8123011829452109,0.8287591138537674,0.949408182763448,0.9534852273969034,0.9474484248808783,0.9313146555348091,0.9455328419862888,0.9556182732787897,0.6660812111219687,0.7701370809454555,0.9598909685625289,0.9994041307395086,0.9706743607050922,0.9038725959972105,0.569295515682799,0.7159172664630087,0.8536488382577128,0.9844808781280194,0.7696078431372548,0.9578278625933287,0.9455328419862887,0.965070877866961,0.965070877866961,0.7234668406225138,0.9738562091503267,0.9700544444882886,0.9118580120314863,0.6660812111219685,0.9578278625933287,0.9677691742817984,0.9706743607050923,0.9601273888585551,0.9474484248808783,0.8213875074782999,0.959890968562529,0.9994041307395086,0.7367293303301032,0.9665676572379658,0.8123011829452109,0.6660812111219687,0.965070877866961,0.44737138910941976,0.9578278625933287,0.9279663690667248,0.9382687076754681,0.7775316653290515,0.9738562091503267,0.9222302182557343,0.949408182763448,0.8776018717501359,0.9418147194505384,0.8845734951184938,0.8862133523532076,0.9625341025939744,0.9208524110113261,0.965070877866961,0.8766464980854868,0.9230376545681,0.984202204593578,0.9665676572379658,0.9514180759891553,0.9019018842088712,0.9118580120314864,0.9343023840752822,0.569295515682799,0.8894707066153547,0.949408182763448,0.9313090437957745,0.949408182763448,0.569295515682799,0.8658678787125713,0.8393361995087725,0.9534852273969034,0.9086302160767501,0.33870683389982925,0.9680212997421977,0.9526716538818202,0.8658678787125713,0.9738562091503267,0.9677691742817984,0.33870683389982925,0.9563561873710766,0.9087540439126474,0.9420125737953846,0.9262561483619236,0.7872376640089409,0.9786561819836977,0.7240393357109205,0.7585401832580322,0.9625341025939744,0.9534852273969034,0.9578278625933287,0.6660812111219687,0.6660812111219685,0.9263123873816388,0.9086302160767501,0.916587640254092,0.9969944150025247,0.9208524110113259,0.949408182763448,0.9201830478328837,0.8829254363443174,0.965070877866961,0.965070877866961,0.9263123873816388,0.949408182763448,0.9347277270202214,0.965070877866961,0.9263123873816388,0.9786561819836977,0.9894837894486095,0.8975099922886516,0.9006961509139861,0.8532096420170825,0.8101402045479484
