,p1_P,p7_Q,p14_N,p19_L,p31_M,p32_V,p35_I,p36_M,p39_I,p39_L,p42_I,p49_C,p52_T,p60_V,p60_Y,p64_T,p69_R,p87_C,p88_C,p93_V,p94_T,p96_T,p96_Y,p98_C,p98_S,p100_V,p100_Y,p104_S,p104_V,p108_T,p109_G,p111_T,p112_M,p122_Q,p124_S,p133_V,p150_G,p153_S,p154_G,p157_V,p158_L,p162_V,p166_S,p169_V,p183_M,p185_V,p209_S,p213_F,p218_L,p218_T,p228_L,p228_M,p255_L,p263_L,p271_Y,p273_G,p277_F,p277_L,p279_R,p282_S,p284_S,p284_T,p286_L,p286_M,p287_S,p287_T,p288_M,p292_S,p295_S,p301_Y,p303_P,p304_V,p320_T
p1_P,0.0,0.3952568431852366,0.9428571428571428,0.8644738145642124,0.31339343767440486,0.6936055630067541,0.31339343767440486,0.31339343767440486,0.3952568431852366,0.9428571428571428,0.9601590463555203,0.3952568431852366,0.31339343767440486,0.9289928397503273,0.8644738145642122,0.31339343767440486,0.31339343767440475,0.31339343767440486,0.8845299461620748,0.8644738145642124,0.9428571428571428,1.1102230246251565e-16,0.4566418352153938,0.9428571428571428,0.8644738145642122,0.9428571428571428,0.31339343767440486,0.9428571428571428,0.8545214065093384,0.6936055630067541,0.31339343767440475,0.9428571428571428,0.9428571428571428,0.8445142315971517,0.8845299461620748,0.6072077975752136,0.31339343767440486,0.9289928397503273,1.1102230246251565e-16,0.7673299797011557,0.31339343767440486,0.7913437876170797,0.8240671123627508,0.8026144915120694,0.9167749621423521,0.9289928397503273,0.9167749621423522,1.1102230246251565e-16,0.31339343767440486,0.9167749621423522,0.31339343767440486,0.9428571428571428,0.6331296720433581,0.8845299461620748,0.9428571428571428,1.1102230246251565e-16,0.9289928397503273,0.31339343767440486,0.9167749621423522,0.31339343767440486,0.8644738145642124,0.31339343767440486,0.5051283406946065,0.9428571428571428,0.9428571428571428,0.31339343767440486,0.3952568431852366,0.8545214065093385,0.8644738145642124,0.9289928397503274,0.3952568431852366,0.7261387212474171,0.31339343767440475
p7_Q,0.3952568431852366,0.0,0.9055088817476933,0.7758946357498013,0.6284247292698534,0.982377315578744,0.6284247292698534,0.6284247292698534,0.6937500000000001,0.9055088817476933,0.9341192154131588,0.6937500000000001,0.6284247292698534,0.8825829454215346,0.7758946357498012,0.6284247292698534,0.6284247292698533,0.6284247292698534,0.8090593460435067,0.7758946357498013,0.9055088817476932,0.3952568431852366,0.7449436073319076,0.9055088817476933,0.7758946357498012,0.9055088817476933,0.6284247292698534,0.9055088817476933,0.7594373878376559,0.493347822888889,0.6284247292698533,0.9055088817476933,0.9055088817476933,0.7428895777476743,0.8090593460435067,0.7065136131619403,0.6284247292698534,0.8825829454215346,0.3952568431852366,0.6152581179680672,0.6284247292698534,0.866299797877419,0.7090783324214804,0.6736043950830666,0.8623795293592049,0.8825829454215346,0.8623795293592049,0.3952568431852366,0.6284247292698534,0.8623795293592049,0.6284247292698534,0.9055088817476933,0.827788319951584,0.8090593460435067,0.9055088817476933,0.3952568431852366,0.8825829454215346,0.6284247292698534,0.8623795293592049,0.6284247292698534,0.7758946357498013,0.6284247292698534,0.7872375570199074,0.9055088817476933,0.9055088817476933,0.6284247292698534,0.6937500000000001,0.7594373878376559,0.7758946357498013,0.8825829454215345,0.6937500000000001,0.5471444766815803,0.6284247292698533
p14_N,0.9428571428571428,0.9055088817476933,0.0,0.5783629786442162,0.9167749621423522,0.8134990383519372,0.9167749621423522,0.9167749621423522,0.9055088817476933,1.1102230246251565e-16,0.30278331122160396,0.9055088817476933,0.9167749621423522,0.19525218383704368,0.5783629786442162,0.9167749621423522,0.9167749621423521,0.9167749621423522,0.5051283406946065,0.5783629786442162,0.5285714285714285,0.9428571428571428,0.8948339035900762,1.1102230246251565e-16,0.5783629786442162,0.5285714285714286,0.9167749621423522,1.1102230246251565e-16,0.6072077975752137,0.8134990383519372,0.9167749621423521,1.1102230246251565e-16,0.5285714285714285,0.6324881837750859,0.5051283406946065,0.8545214065093385,0.9167749621423522,0.19525218383704368,0.9428571428571428,0.754403867462331,0.9167749621423522,0.7261387212474171,0.67520082282354,0.7105012542177016,0.31339343767440475,0.19525218383704368,0.31339343767440486,0.9428571428571428,0.9167749621423522,0.31339343767440486,0.9167749621423522,1.1102230246251565e-16,0.9289928397503273,0.5051283406946065,1.1102230246251565e-16,0.9428571428571428,0.19525218383704368,0.9167749621423522,0.31339343767440486,0.9167749621423522,0.5783629786442162,0.9167749621423522,0.8845299461620748,1.1102230246251565e-16,1.1102230246251565e-16,0.9167749621423522,0.9055088817476932,0.6072077975752137,0.5783629786442162,0.1952521838370438,0.9055088817476932,0.7913437876170797,0.9167749621423521
p19_L,0.8644738145642124,0.7758946357498013,0.5783629786442162,0.0,0.8026144915120692,0.5576741315353084,0.8026144915120692,0.8026144915120692,0.7758946357498013,0.5783629786442162,0.7060276321039344,0.9601590463555203,0.8026144915120692,0.47606316800441606,0.0,0.8026144915120692,0.8026144915120692,0.8026144915120692,0.14798713276974151,0.0,0.5783629786442162,0.8644738145642124,0.7505767020368379,0.5783629786442162,0.14682539682539675,0.5783629786442162,0.8026144915120692,0.5783629786442162,0.21025830430819448,0.6875634738622418,0.8026144915120692,0.5783629786442162,0.5783629786442162,0.12836919527803514,0.9521829513289141,0.6549672203288228,0.8026144915120692,0.7068448678119947,0.8644738145642124,0.41751762748928245,0.8026144915120692,0.4776354707331958,0.22967111348035674,0.9167749621423522,0.7916486299294065,0.7068448678119947,0.5887801906501444,0.8644738145642124,0.8026144915120692,0.5887801906501444,0.8026144915120692,0.5783629786442162,0.8315917325728479,0.14798713276974151,0.5783629786442162,0.8644738145642124,0.47606316800441606,0.8026144915120692,0.5887801906501444,0.8026144915120692,0.0,0.8026144915120692,0.7261387212474169,0.5783629786442162,0.5783629786442162,0.8026144915120692,0.7758946357498011,0.9386608391695686,0.0,0.47606316800441606,0.7758946357498011,0.5051283406946065,0.8026144915120692
p31_M,0.31339343767440486,0.6284247292698534,0.9167749621423522,0.8026144915120692,0.0,0.5537554491826269,1.1102230246251565e-16,1.1102230246251565e-16,0.1192289878989119,0.9167749621423522,0.941974114681434,0.11922898789891168,1.1102230246251565e-16,0.8965824620009961,0.8026144915120693,1.1102230246251565e-16,0.0,1.1102230246251565e-16,0.8318250069634958,0.8026144915120692,0.9167749621423521,0.31339343767440486,0.20863243289693356,0.9167749621423522,0.8026144915120693,0.9167749621423522,1.1102230246251565e-16,0.9167749621423522,0.7881194246120906,0.5537554491826269,0.0,0.9167749621423522,0.9167749621423522,0.9639730034590355,0.8318250069634956,0.42792244645264454,1.1102230246251565e-16,0.8965824620009961,0.31339343767440486,0.661130503165057,1.1102230246251565e-16,0.6961051294409656,0.743764628404731,0.7125202127119654,0.8787878787878788,0.8965824620009961,0.8787878787878789,0.31339343767440486,1.1102230246251565e-16,0.8787878787878789,1.1102230246251565e-16,0.9167749621423522,0.1468053115082184,0.8318250069634958,0.9167749621423522,0.31339343767440486,0.8965824620009961,1.1102230246251565e-16,0.8787878787878789,1.1102230246251565e-16,0.8026144915120692,1.1102230246251565e-16,0.27925002984355296,0.9167749621423522,0.9167749621423522,1.1102230246251565e-16,0.11922898789891168,0.7881194246120906,0.8026144915120692,0.8965824620009962,0.11922898789891168,0.6011379823912673,0.0
p32_V,0.6936055630067541,0.982377315578744,0.8134990383519372,0.5576741315353084,0.5537554491826269,0.0,0.5537554491826269,0.5537554491826269,0.4933478228888891,0.8134990383519372,0.8699684170657509,0.6563576537855074,0.5537554491826269,0.7682491857669143,0.5576741315353084,0.5537554491826269,0.5537554491826269,0.5537554491826269,0.623132668559284,0.5576741315353084,0.8134990383519373,0.6936055630067541,0.7384856251570178,0.8134990383519372,0.5576741315353084,0.8134990383519372,0.5537554491826269,0.8134990383519372,0.5251917922587201,0.8509316770186335,0.5537554491826269,0.8134990383519372,0.8134990383519372,0.7363795879116437,0.9077059596471715,0.47092799708828825,0.5537554491826269,0.9724106173532041,0.6936055630067541,0.867409720039862,0.5537554491826269,0.6564571858009336,0.7759973707864811,0.7361764587698649,0.7283728821111641,0.9724106173532041,0.9078407992877164,0.6936055630067541,0.5537554491826269,0.7283728821111641,0.5537554491826269,0.8134990383519372,0.6192665194742162,0.623132668559284,0.8134990383519372,0.6936055630067541,0.7682491857669143,0.5537554491826269,0.7283728821111641,0.5537554491826269,0.5576741315353084,0.5537554491826269,0.38086081263310956,0.8134990383519372,0.8134990383519372,0.5537554491826269,0.493347822888889,0.972868102414784,0.5576741315353084,0.7682491857669143,0.493347822888889,0.993919596208866,0.5537554491826269
p35_I,0.31339343767440486,0.6284247292698534,0.9167749621423522,0.8026144915120692,1.1102230246251565e-16,0.5537554491826269,0.0,1.1102230246251565e-16,0.1192289878989119,0.9167749621423522,0.941974114681434,0.11922898789891168,1.1102230246251565e-16,0.8965824620009961,0.8026144915120693,1.1102230246251565e-16,0.0,1.1102230246251565e-16,0.8318250069634958,0.8026144915120692,0.9167749621423521,0.31339343767440486,0.20863243289693356,0.9167749621423522,0.8026144915120693,0.9167749621423522,1.1102230246251565e-16,0.9167749621423522,0.7881194246120906,0.5537554491826269,0.0,0.9167749621423522,0.9167749621423522,0.9639730034590355,0.8318250069634956,0.42792244645264454,1.1102230246251565e-16,0.8965824620009961,0.31339343767440486,0.661130503165057,1.1102230246251565e-16,0.6961051294409656,0.743764628404731,0.7125202127119654,0.8787878787878788,0.8965824620009961,0.8787878787878789,0.31339343767440486,1.1102230246251565e-16,0.8787878787878789,1.1102230246251565e-16,0.9167749621423522,0.1468053115082184,0.8318250069634958,0.9167749621423522,0.31339343767440486,0.8965824620009961,1.1102230246251565e-16,0.8787878787878789,1.1102230246251565e-16,0.8026144915120692,1.1102230246251565e-16,0.27925002984355296,0.9167749621423522,0.9167749621423522,1.1102230246251565e-16,0.11922898789891168,0.7881194246120906,0.8026144915120692,0.8965824620009962,0.11922898789891168,0.6011379823912673,0.0
p36_M,0.31339343767440486,0.6284247292698534,0.9167749621423522,0.8026144915120692,1.1102230246251565e-16,0.5537554491826269,1.1102230246251565e-16,0.0,0.1192289878989119,0.9167749621423522,0.941974114681434,0.11922898789891168,1.1102230246251565e-16,0.8965824620009961,0.8026144915120693,1.1102230246251565e-16,0.0,1.1102230246251565e-16,0.8318250069634958,0.8026144915120692,0.9167749621423521,0.31339343767440486,0.20863243289693356,0.9167749621423522,0.8026144915120693,0.9167749621423522,1.1102230246251565e-16,0.9167749621423522,0.7881194246120906,0.5537554491826269,0.0,0.9167749621423522,0.9167749621423522,0.9639730034590355,0.8318250069634956,0.42792244645264454,1.1102230246251565e-16,0.8965824620009961,0.31339343767440486,0.661130503165057,1.1102230246251565e-16,0.6961051294409656,0.743764628404731,0.7125202127119654,0.8787878787878788,0.8965824620009961,0.8787878787878789,0.31339343767440486,1.1102230246251565e-16,0.8787878787878789,1.1102230246251565e-16,0.9167749621423522,0.1468053115082184,0.8318250069634958,0.9167749621423522,0.31339343767440486,0.8965824620009961,1.1102230246251565e-16,0.8787878787878789,1.1102230246251565e-16,0.8026144915120692,1.1102230246251565e-16,0.27925002984355296,0.9167749621423522,0.9167749621423522,1.1102230246251565e-16,0.11922898789891168,0.7881194246120906,0.8026144915120692,0.8965824620009962,0.11922898789891168,0.6011379823912673,0.0
p39_I,0.3952568431852366,0.6937500000000001,0.9055088817476933,0.7758946357498013,0.1192289878989119,0.4933478228888891,0.1192289878989119,0.1192289878989119,0.0,0.9055088817476933,0.9341192154131588,0.23125000000000007,0.1192289878989119,0.8825829454215346,0.7758946357498012,0.1192289878989119,0.1192289878989119,0.1192289878989119,0.8090593460435067,0.7758946357498013,0.9055088817476932,0.3952568431852366,0.31598512875375206,0.9055088817476933,0.7758946357498012,0.9055088817476933,0.1192289878989119,0.9055088817476933,0.7594373878376559,0.6563576537855074,0.1192289878989119,0.9055088817476933,0.9055088817476933,0.9158547708992388,0.9890891054882004,0.5284972801618055,0.1192289878989119,0.8825829454215346,0.3952568431852366,0.6152581179680673,0.1192289878989119,0.8145448809267423,0.7090783324214804,0.834626226842087,0.8623795293592049,0.8825829454215346,0.8623795293592049,0.3952568431852366,0.1192289878989119,0.8623795293592049,0.1192289878989119,0.9055088817476933,0.24853085069782077,0.8090593460435067,0.9055088817476933,0.3952568431852366,0.8825829454215346,0.1192289878989119,0.8623795293592049,0.1192289878989119,0.7758946357498013,0.1192289878989119,0.18168291161502859,0.9055088817476933,0.9055088817476933,0.1192289878989119,0.23125000000000018,0.7594373878376559,0.7758946357498013,0.8825829454215345,0.23125000000000018,0.7067221372794996,0.1192289878989119
p39_L,0.9428571428571428,0.9055088817476933,1.1102230246251565e-16,0.5783629786442162,0.9167749621423522,0.8134990383519372,0.9167749621423522,0.9167749621423522,0.9055088817476933,0.0,0.30278331122160396,0.9055088817476933,0.9167749621423522,0.19525218383704368,0.5783629786442162,0.9167749621423522,0.9167749621423521,0.9167749621423522,0.5051283406946065,0.5783629786442162,0.5285714285714285,0.9428571428571428,0.8948339035900762,1.1102230246251565e-16,0.5783629786442162,0.5285714285714286,0.9167749621423522,1.1102230246251565e-16,0.6072077975752137,0.8134990383519372,0.9167749621423521,1.1102230246251565e-16,0.5285714285714285,0.6324881837750859,0.5051283406946065,0.8545214065093385,0.9167749621423522,0.19525218383704368,0.9428571428571428,0.754403867462331,0.9167749621423522,0.7261387212474171,0.67520082282354,0.7105012542177016,0.31339343767440475,0.19525218383704368,0.31339343767440486,0.9428571428571428,0.9167749621423522,0.31339343767440486,0.9167749621423522,1.1102230246251565e-16,0.9289928397503273,0.5051283406946065,1.1102230246251565e-16,0.9428571428571428,0.19525218383704368,0.9167749621423522,0.31339343767440486,0.9167749621423522,0.5783629786442162,0.9167749621423522,0.8845299461620748,1.1102230246251565e-16,1.1102230246251565e-16,0.9167749621423522,0.9055088817476932,0.6072077975752137,0.5783629786442162,0.1952521838370438,0.9055088817476932,0.7913437876170797,0.9167749621423521
p42_I,0.9601590463555203,0.9341192154131588,0.30278331122160396,0.7060276321039344,0.941974114681434,0.8699684170657509,0.941974114681434,0.941974114681434,0.9341192154131588,0.30278331122160396,0.0,0.9341192154131588,0.941974114681434,0.43891639231321766,0.7060276321039343,0.941974114681434,0.9419741146814341,0.941974114681434,0.6549672203288227,0.7060276321039344,0.30278331122160385,0.9601590463555203,0.9266764424893233,0.30278331122160396,0.7060276321039343,0.30278331122160396,0.941974114681434,0.30278331122160396,0.7261387212474171,0.8699684170657509,0.9419741146814341,0.30278331122160396,0.9601590463555203,0.7437646284047308,0.6549672203288228,0.8985698967583027,0.941974114681434,0.43891639231321766,0.9601590463555203,0.8287662776953062,0.941974114681434,0.8090593460435067,0.7735445931710808,0.7981566430601673,0.521286446121831,0.43891639231321766,0.521286446121831,0.9601590463555203,0.941974114681434,0.521286446121831,0.941974114681434,0.30278331122160396,0.9504926228511663,0.6549672203288227,0.30278331122160396,0.9601590463555203,0.43891639231321766,0.941974114681434,0.521286446121831,0.941974114681434,0.7060276321039344,0.941974114681434,0.9194923514100586,0.30278331122160396,0.30278331122160396,0.941974114681434,0.9341192154131588,0.7261387212474171,0.7060276321039344,0.4389163923132178,0.9341192154131588,0.8545214065093385,0.9419741146814341
p49_C,0.3952568431852366,0.6937500000000001,0.9055088817476933,0.9601590463555203,0.11922898789891168,0.6563576537855074,0.11922898789891168,0.11922898789891168,0.23125000000000007,0.9055088817476933,0.9341192154131588,0.0,0.11922898789891168,0.8825829454215344,0.9601590463555202,0.11922898789891168,0.11922898789891168,0.11922898789891168,0.8090593460435067,0.9601590463555203,0.9055088817476932,0.3952568431852366,0.3159851287537516,0.9055088817476933,0.9601590463555202,0.9055088817476933,0.11922898789891168,0.9055088817476933,0.7594373878376559,0.6563576537855074,0.11922898789891168,0.9055088817476933,0.9055088817476931,0.9111800359491966,0.8090593460435067,0.5284972801618055,0.11922898789891168,0.8825829454215344,0.3952568431852366,0.7734297805811952,0.11922898789891168,0.6549672203288229,0.8746798970430993,0.6736043950830666,0.8623795293592049,0.8825829454215344,0.8623795293592049,0.3952568431852366,0.11922898789891168,0.8623795293592049,0.11922898789891168,0.9055088817476933,0.24853085069782055,0.8090593460435067,0.9055088817476933,0.3952568431852366,0.8825829454215344,0.11922898789891168,0.8623795293592049,0.11922898789891168,0.9601590463555203,0.11922898789891168,0.3835344600833215,0.9055088817476933,0.9055088817476933,0.11922898789891168,0.23124999999999973,0.7594373878376559,0.9601590463555203,0.8825829454215345,0.23124999999999973,0.7067221372794995,0.11922898789891168
p52_T,0.31339343767440486,0.6284247292698534,0.9167749621423522,0.8026144915120692,1.1102230246251565e-16,0.5537554491826269,1.1102230246251565e-16,1.1102230246251565e-16,0.1192289878989119,0.9167749621423522,0.941974114681434,0.11922898789891168,0.0,0.8965824620009961,0.8026144915120693,1.1102230246251565e-16,0.0,1.1102230246251565e-16,0.8318250069634958,0.8026144915120692,0.9167749621423521,0.31339343767440486,0.20863243289693356,0.9167749621423522,0.8026144915120693,0.9167749621423522,1.1102230246251565e-16,0.9167749621423522,0.7881194246120906,0.5537554491826269,0.0,0.9167749621423522,0.9167749621423522,0.9639730034590355,0.8318250069634956,0.42792244645264454,1.1102230246251565e-16,0.8965824620009961,0.31339343767440486,0.661130503165057,1.1102230246251565e-16,0.6961051294409656,0.743764628404731,0.7125202127119654,0.8787878787878788,0.8965824620009961,0.8787878787878789,0.31339343767440486,1.1102230246251565e-16,0.8787878787878789,1.1102230246251565e-16,0.9167749621423522,0.1468053115082184,0.8318250069634958,0.9167749621423522,0.31339343767440486,0.8965824620009961,1.1102230246251565e-16,0.8787878787878789,1.1102230246251565e-16,0.8026144915120692,1.1102230246251565e-16,0.27925002984355296,0.9167749621423522,0.9167749621423522,1.1102230246251565e-16,0.11922898789891168,0.7881194246120906,0.8026144915120692,0.8965824620009962,0.11922898789891168,0.6011379823912673,0.0
p60_V,0.9289928397503273,0.8825829454215346,0.19525218383704368,0.47606316800441606,0.8965824620009961,0.7682491857669143,0.8965824620009961,0.8965824620009961,0.8825829454215346,0.19525218383704368,0.43891639231321766,0.8825829454215344,0.8965824620009961,0.0,0.47606316800441606,0.8965824620009961,0.8965824620009961,0.8965824620009961,0.637868639419902,0.47606316800441606,0.1952521838370438,0.9289928397503273,0.8693179474392904,0.19525218383704368,0.7068448678119947,0.19525218383704368,0.8965824620009961,0.19525218383704368,0.5119064699080236,0.9724106173532041,0.8965824620009961,0.19525218383704368,0.19525218383704335,0.5433205175042122,0.637868639419902,0.8192246184844532,0.8965824620009961,0.3627450980392155,0.9289928397503273,0.6948160310534632,0.8965824620009961,0.6596930451351137,0.5963963236022125,0.6402615329077492,0.4656760536718134,0.3627450980392155,0.14680531150821818,0.9289928397503273,0.8965824620009961,0.14680531150821818,0.8965824620009961,0.19525218383704368,0.9117647058823528,0.637868639419902,0.19525218383704368,0.9289928397503273,0.0,0.8965824620009961,0.14680531150821818,0.8965824620009961,0.47606316800441606,0.8965824620009961,0.856513989204112,0.19525218383704368,0.19525218383704368,0.8965824620009961,0.8825829454215345,0.734862773777198,0.47606316800441606,0.0,0.8825829454215345,0.7407185105791343,0.8965824620009961
p60_Y,0.8644738145642122,0.7758946357498012,0.5783629786442162,0.0,0.8026144915120693,0.5576741315353084,0.8026144915120693,0.8026144915120693,0.7758946357498012,0.5783629786442162,0.7060276321039343,0.9601590463555202,0.8026144915120693,0.47606316800441606,0.0,0.8026144915120693,0.8026144915120692,0.8026144915120693,0.14798713276974151,0.0,0.5783629786442162,0.8644738145642122,0.7505767020368379,0.5783629786442162,0.14682539682539686,0.5783629786442162,0.8026144915120693,0.5783629786442162,0.2102583043081946,0.6875634738622417,0.8026144915120692,0.5783629786442162,0.5783629786442162,0.12836919527803525,0.952182951328914,0.6549672203288228,0.8026144915120693,0.7068448678119947,0.8644738145642122,0.41751762748928245,0.8026144915120693,0.4776354707331958,0.22967111348035685,0.9167749621423521,0.7916486299294065,0.7068448678119947,0.5887801906501444,0.8644738145642122,0.8026144915120693,0.5887801906501444,0.8026144915120693,0.5783629786442162,0.831591732572848,0.14798713276974151,0.5783629786442162,0.8644738145642122,0.47606316800441606,0.8026144915120693,0.5887801906501444,0.8026144915120693,0.0,0.8026144915120693,0.7261387212474169,0.5783629786442162,0.5783629786442162,0.8026144915120693,0.7758946357498011,0.9386608391695686,0.0,0.47606316800441617,0.7758946357498011,0.5051283406946065,0.8026144915120692
p64_T,0.31339343767440486,0.6284247292698534,0.9167749621423522,0.8026144915120692,1.1102230246251565e-16,0.5537554491826269,1.1102230246251565e-16,1.1102230246251565e-16,0.1192289878989119,0.9167749621423522,0.941974114681434,0.11922898789891168,1.1102230246251565e-16,0.8965824620009961,0.8026144915120693,0.0,0.0,1.1102230246251565e-16,0.8318250069634958,0.8026144915120692,0.9167749621423521,0.31339343767440486,0.20863243289693356,0.9167749621423522,0.8026144915120693,0.9167749621423522,1.1102230246251565e-16,0.9167749621423522,0.7881194246120906,0.5537554491826269,0.0,0.9167749621423522,0.9167749621423522,0.9639730034590355,0.8318250069634956,0.42792244645264454,1.1102230246251565e-16,0.8965824620009961,0.31339343767440486,0.661130503165057,1.1102230246251565e-16,0.6961051294409656,0.743764628404731,0.7125202127119654,0.8787878787878788,0.8965824620009961,0.8787878787878789,0.31339343767440486,1.1102230246251565e-16,0.8787878787878789,1.1102230246251565e-16,0.9167749621423522,0.1468053115082184,0.8318250069634958,0.9167749621423522,0.31339343767440486,0.8965824620009961,1.1102230246251565e-16,0.8787878787878789,1.1102230246251565e-16,0.8026144915120692,1.1102230246251565e-16,0.27925002984355296,0.9167749621423522,0.9167749621423522,1.1102230246251565e-16,0.11922898789891168,0.7881194246120906,0.8026144915120692,0.8965824620009962,0.11922898789891168,0.6011379823912673,0.0
p69_R,0.31339343767440475,0.6284247292698533,0.9167749621423521,0.8026144915120692,0.0,0.5537554491826269,0.0,0.0,0.1192289878989119,0.9167749621423521,0.9419741146814341,0.11922898789891168,0.0,0.8965824620009961,0.8026144915120692,0.0,0.0,0.0,0.8318250069634957,0.8026144915120692,0.9167749621423522,0.31339343767440475,0.20863243289693367,0.9167749621423521,0.8026144915120692,0.9167749621423521,0.0,0.9167749621423521,0.7881194246120906,0.5537554491826269,1.1102230246251565e-16,0.9167749621423521,0.9167749621423521,0.9639730034590355,0.8318250069634957,0.42792244645264454,0.0,0.8965824620009961,0.31339343767440475,0.661130503165057,0.0,0.6961051294409657,0.7437646284047309,0.7125202127119655,0.8787878787878789,0.8965824620009961,0.8787878787878788,0.31339343767440475,0.0,0.8787878787878788,0.0,0.9167749621423521,0.1468053115082184,0.8318250069634957,0.9167749621423521,0.31339343767440475,0.8965824620009961,0.0,0.8787878787878788,0.0,0.8026144915120692,0.0,0.27925002984355296,0.9167749621423521,0.9167749621423521,0.0,0.11922898789891168,0.7881194246120906,0.8026144915120692,0.8965824620009961,0.11922898789891168,0.6011379823912673,1.1102230246251565e-16
p87_C,0.31339343767440486,0.6284247292698534,0.9167749621423522,0.8026144915120692,1.1102230246251565e-16,0.5537554491826269,1.1102230246251565e-16,1.1102230246251565e-16,0.1192289878989119,0.9167749621423522,0.941974114681434,0.11922898789891168,1.1102230246251565e-16,0.8965824620009961,0.8026144915120693,1.1102230246251565e-16,0.0,0.0,0.8318250069634958,0.8026144915120692,0.9167749621423521,0.31339343767440486,0.20863243289693356,0.9167749621423522,0.8026144915120693,0.9167749621423522,1.1102230246251565e-16,0.9167749621423522,0.7881194246120906,0.5537554491826269,0.0,0.9167749621423522,0.9167749621423522,0.9639730034590355,0.8318250069634956,0.42792244645264454,1.1102230246251565e-16,0.8965824620009961,0.31339343767440486,0.661130503165057,1.1102230246251565e-16,0.6961051294409656,0.743764628404731,0.7125202127119654,0.8787878787878788,0.8965824620009961,0.8787878787878789,0.31339343767440486,1.1102230246251565e-16,0.8787878787878789,1.1102230246251565e-16,0.9167749621423522,0.1468053115082184,0.8318250069634958,0.9167749621423522,0.31339343767440486,0.8965824620009961,1.1102230246251565e-16,0.8787878787878789,1.1102230246251565e-16,0.8026144915120692,1.1102230246251565e-16,0.27925002984355296,0.9167749621423522,0.9167749621423522,1.1102230246251565e-16,0.11922898789891168,0.7881194246120906,0.8026144915120692,0.8965824620009962,0.11922898789891168,0.6011379823912673,0.0
p88_C,0.8845299461620748,0.8090593460435067,0.5051283406946065,0.14798713276974151,0.8318250069634958,0.623132668559284,0.8318250069634958,0.8318250069634958,0.8090593460435067,0.5051283406946065,0.6549672203288227,0.8090593460435067,0.8318250069634958,0.637868639419902,0.14798713276974151,0.8318250069634958,0.8318250069634957,0.8318250069634958,0.0,0.14798713276974151,0.8102991972662659,0.8845299461620748,0.7874881407483794,0.5051283406946065,0.14798713276974151,0.8102991972662659,0.8318250069634958,0.5051283406946065,0.2062746066806227,0.623132668559284,0.8318250069634957,0.5051283406946065,0.8102991972662659,0.2573593389026211,0.880952380952381,0.7060276321039343,0.8318250069634958,0.637868639419902,0.8845299461620748,0.5037175236860603,0.8318250069634958,0.44660140947053395,0.34366987668610627,0.8822407376583741,0.7237125114400287,0.637868639419902,0.7237125114400287,0.8845299461620748,0.8318250069634958,0.7237125114400287,0.8318250069634958,0.5051283406946065,0.856513989204112,1.1102230246251565e-16,0.5051283406946065,0.8845299461620748,0.637868639419902,0.8318250069634958,0.7237125114400287,0.8318250069634958,0.14798713276974151,0.8318250069634958,0.7666666666666666,0.5051283406946065,0.5051283406946065,0.8318250069634958,0.8090593460435067,0.9832015789773677,0.14798713276974151,0.637868639419902,0.8090593460435067,0.5783629786442162,0.8318250069634957
p93_V,0.8644738145642124,0.7758946357498013,0.5783629786442162,0.0,0.8026144915120692,0.5576741315353084,0.8026144915120692,0.8026144915120692,0.7758946357498013,0.5783629786442162,0.7060276321039344,0.9601590463555203,0.8026144915120692,0.47606316800441606,0.0,0.8026144915120692,0.8026144915120692,0.8026144915120692,0.14798713276974151,0.0,0.5783629786442162,0.8644738145642124,0.7505767020368379,0.5783629786442162,0.14682539682539675,0.5783629786442162,0.8026144915120692,0.5783629786442162,0.21025830430819448,0.6875634738622418,0.8026144915120692,0.5783629786442162,0.5783629786442162,0.12836919527803514,0.9521829513289141,0.6549672203288228,0.8026144915120692,0.7068448678119947,0.8644738145642124,0.41751762748928245,0.8026144915120692,0.4776354707331958,0.22967111348035674,0.9167749621423522,0.7916486299294065,0.7068448678119947,0.5887801906501444,0.8644738145642124,0.8026144915120692,0.5887801906501444,0.8026144915120692,0.5783629786442162,0.8315917325728479,0.14798713276974151,0.5783629786442162,0.8644738145642124,0.47606316800441606,0.8026144915120692,0.5887801906501444,0.8026144915120692,0.0,0.8026144915120692,0.7261387212474169,0.5783629786442162,0.5783629786442162,0.8026144915120692,0.7758946357498011,0.9386608391695686,0.0,0.47606316800441606,0.7758946357498011,0.5051283406946065,0.8026144915120692
p94_T,0.9428571428571428,0.9055088817476932,0.5285714285714285,0.5783629786442162,0.9167749621423521,0.8134990383519373,0.9167749621423521,0.9167749621423521,0.9055088817476932,0.5285714285714285,0.30278331122160385,0.9055088817476932,0.9167749621423521,0.1952521838370438,0.5783629786442162,0.9167749621423521,0.9167749621423522,0.9167749621423521,0.8102991972662659,0.5783629786442162,0.0,0.9428571428571428,0.8948339035900763,0.5285714285714285,0.8569445820400019,0.0,0.9167749621423521,0.5285714285714285,0.6072077975752135,0.9400532623274085,0.9167749621423522,0.5285714285714285,0.5285714285714285,0.6324881837750858,0.8102991972662659,0.8545214065093384,0.9167749621423521,0.6331296720433581,0.9428571428571428,0.7544038674623309,0.9167749621423521,0.7261387212474171,0.6752008228235398,0.7105012542177016,0.6983092377660264,0.6331296720433581,0.31339343767440475,0.9428571428571428,0.9167749621423521,0.31339343767440475,0.9167749621423521,0.5285714285714285,0.9289928397503274,0.8102991972662659,0.5285714285714285,0.9428571428571428,0.1952521838370438,0.9167749621423521,0.31339343767440475,0.9167749621423521,0.5783629786442162,0.9167749621423521,0.8845299461620748,0.5285714285714285,0.5285714285714285,0.9167749621423521,0.9055088817476933,0.8763431955329377,0.5783629786442162,0.1952521838370438,0.9055088817476933,0.7913437876170797,0.9167749621423522
p96_T,1.1102230246251565e-16,0.3952568431852366,0.9428571428571428,0.8644738145642124,0.31339343767440486,0.6936055630067541,0.31339343767440486,0.31339343767440486,0.3952568431852366,0.9428571428571428,0.9601590463555203,0.3952568431852366,0.31339343767440486,0.9289928397503273,0.8644738145642122,0.31339343767440486,0.31339343767440475,0.31339343767440486,0.8845299461620748,0.8644738145642124,0.9428571428571428,0.0,0.4566418352153938,0.9428571428571428,0.8644738145642122,0.9428571428571428,0.31339343767440486,0.9428571428571428,0.8545214065093384,0.6936055630067541,0.31339343767440475,0.9428571428571428,0.9428571428571428,0.8445142315971517,0.8845299461620748,0.6072077975752136,0.31339343767440486,0.9289928397503273,1.1102230246251565e-16,0.7673299797011557,0.31339343767440486,0.7913437876170797,0.8240671123627508,0.8026144915120694,0.9167749621423521,0.9289928397503273,0.9167749621423522,1.1102230246251565e-16,0.31339343767440486,0.9167749621423522,0.31339343767440486,0.9428571428571428,0.6331296720433581,0.8845299461620748,0.9428571428571428,1.1102230246251565e-16,0.9289928397503273,0.31339343767440486,0.9167749621423522,0.31339343767440486,0.8644738145642124,0.31339343767440486,0.5051283406946065,0.9428571428571428,0.9428571428571428,0.31339343767440486,0.3952568431852366,0.8545214065093385,0.8644738145642124,0.9289928397503274,0.3952568431852366,0.7261387212474171,0.31339343767440475
p96_Y,0.4566418352153938,0.7449436073319076,0.8948339035900762,0.7505767020368379,0.20863243289693356,0.7384856251570178,0.20863243289693356,0.20863243289693356,0.31598512875375206,0.8948339035900762,0.9266764424893233,0.3159851287537516,0.20863243289693356,0.8693179474392904,0.7505767020368379,0.20863243289693356,0.20863243289693367,0.20863243289693356,0.7874881407483794,0.7505767020368379,0.8948339035900763,0.4566418352153938,0.0,0.8948339035900762,0.7505767020368379,0.8948339035900762,0.20863243289693356,0.8948339035900762,0.9375273855298055,0.7384856251570178,0.20863243289693367,0.8948339035900762,0.8948339035900762,0.8742643274251636,0.8380862024749556,0.6073149947587781,0.20863243289693356,0.8693179474392904,0.4566418352153938,0.5717925387371741,0.20863243289693356,0.6159877114101446,0.6762119370986333,0.935418736040469,0.6809001745552148,0.8693179474392904,0.8468320837865033,0.4566418352153938,0.20863243289693356,0.8468320837865033,0.20863243289693356,0.8948339035900762,0.3248093951030002,0.7874881407483794,0.8948339035900762,0.4566418352153938,0.8693179474392904,0.20863243289693356,0.8468320837865033,0.20863243289693356,0.7505767020368379,0.20863243289693356,0.4636605456982905,0.8948339035900762,0.8948339035900762,0.20863243289693356,0.31598512875375173,0.8973664190846807,0.7505767020368379,0.8693179474392903,0.31598512875375173,0.7919933436804949,0.20863243289693367
p98_C,0.9428571428571428,0.9055088817476933,1.1102230246251565e-16,0.5783629786442162,0.9167749621423522,0.8134990383519372,0.9167749621423522,0.9167749621423522,0.9055088817476933,1.1102230246251565e-16,0.30278331122160396,0.9055088817476933,0.9167749621423522,0.19525218383704368,0.5783629786442162,0.9167749621423522,0.9167749621423521,0.9167749621423522,0.5051283406946065,0.5783629786442162,0.5285714285714285,0.9428571428571428,0.8948339035900762,0.0,0.5783629786442162,0.5285714285714286,0.9167749621423522,1.1102230246251565e-16,0.6072077975752137,0.8134990383519372,0.9167749621423521,1.1102230246251565e-16,0.5285714285714285,0.6324881837750859,0.5051283406946065,0.8545214065093385,0.9167749621423522,0.19525218383704368,0.9428571428571428,0.754403867462331,0.9167749621423522,0.7261387212474171,0.67520082282354,0.7105012542177016,0.31339343767440475,0.19525218383704368,0.31339343767440486,0.9428571428571428,0.9167749621423522,0.31339343767440486,0.9167749621423522,1.1102230246251565e-16,0.9289928397503273,0.5051283406946065,1.1102230246251565e-16,0.9428571428571428,0.19525218383704368,0.9167749621423522,0.31339343767440486,0.9167749621423522,0.5783629786442162,0.9167749621423522,0.8845299461620748,1.1102230246251565e-16,1.1102230246251565e-16,0.9167749621423522,0.9055088817476932,0.6072077975752137,0.5783629786442162,0.1952521838370438,0.9055088817476932,0.7913437876170797,0.9167749621423521
p98_S,0.8644738145642122,0.7758946357498012,0.5783629786442162,0.14682539682539675,0.8026144915120693,0.5576741315353084,0.8026144915120693,0.8026144915120693,0.7758946357498012,0.5783629786442162,0.7060276321039343,0.9601590463555202,0.8026144915120693,0.7068448678119947,0.14682539682539686,0.8026144915120693,0.8026144915120692,0.8026144915120693,0.14798713276974151,0.14682539682539675,0.8569445820400019,0.8644738145642122,0.7505767020368379,0.5783629786442162,0.0,0.8569445820400019,0.8026144915120693,0.5783629786442162,0.35210511372856756,0.5576741315353084,0.8026144915120692,0.5783629786442162,0.8569445820400019,0.26619116012723465,0.7913437876170795,0.6549672203288228,0.8026144915120693,0.7068448678119947,0.8644738145642122,0.543551825050081,0.8026144915120693,0.4776354707331958,0.36162559867122157,0.9167749621423521,0.7916486299294065,0.7068448678119947,0.7916486299294065,0.8644738145642122,0.8026144915120693,0.5887801906501444,0.8026144915120693,0.5783629786442162,0.831591732572848,0.14798713276974151,0.5783629786442162,0.8644738145642122,0.7068448678119947,0.8026144915120693,0.5887801906501444,0.8026144915120693,0.14682539682539675,0.8026144915120693,0.7261387212474169,0.5783629786442162,0.5783629786442162,0.8026144915120693,0.7758946357498011,0.9194923514100586,0.14682539682539675,0.7068448678119947,0.7758946357498011,0.5051283406946065,0.8026144915120692
p100_V,0.9428571428571428,0.9055088817476933,0.5285714285714286,0.5783629786442162,0.9167749621423522,0.8134990383519372,0.9167749621423522,0.9167749621423522,0.9055088817476933,0.5285714285714286,0.30278331122160396,0.9055088817476933,0.9167749621423522,0.19525218383704368,0.5783629786442162,0.9167749621423522,0.9167749621423521,0.9167749621423522,0.8102991972662659,0.5783629786442162,0.0,0.9428571428571428,0.8948339035900762,0.5285714285714286,0.8569445820400019,0.0,0.9167749621423522,0.5285714285714286,0.6072077975752135,0.9400532623274085,0.9167749621423521,0.5285714285714286,0.5285714285714285,0.6324881837750859,0.8102991972662659,0.8545214065093385,0.9167749621423522,0.6331296720433581,0.9428571428571428,0.7544038674623308,0.9167749621423522,0.7261387212474171,0.6752008228235399,0.7105012542177016,0.6983092377660265,0.6331296720433581,0.31339343767440486,0.9428571428571428,0.9167749621423522,0.31339343767440486,0.9167749621423522,0.5285714285714286,0.9289928397503273,0.8102991972662659,0.5285714285714286,0.9428571428571428,0.19525218383704368,0.9167749621423522,0.31339343767440486,0.9167749621423522,0.5783629786442162,0.9167749621423522,0.8845299461620748,0.5285714285714286,0.5285714285714286,0.9167749621423522,0.9055088817476932,0.8763431955329376,0.5783629786442162,0.1952521838370438,0.9055088817476932,0.7913437876170797,0.9167749621423521
p100_Y,0.31339343767440486,0.6284247292698534,0.9167749621423522,0.8026144915120692,1.1102230246251565e-16,0.5537554491826269,1.1102230246251565e-16,1.1102230246251565e-16,0.1192289878989119,0.9167749621423522,0.941974114681434,0.11922898789891168,1.1102230246251565e-16,0.8965824620009961,0.8026144915120693,1.1102230246251565e-16,0.0,1.1102230246251565e-16,0.8318250069634958,0.8026144915120692,0.9167749621423521,0.31339343767440486,0.20863243289693356,0.9167749621423522,0.8026144915120693,0.9167749621423522,0.0,0.9167749621423522,0.7881194246120906,0.5537554491826269,0.0,0.9167749621423522,0.9167749621423522,0.9639730034590355,0.8318250069634956,0.42792244645264454,1.1102230246251565e-16,0.8965824620009961,0.31339343767440486,0.661130503165057,1.1102230246251565e-16,0.6961051294409656,0.743764628404731,0.7125202127119654,0.8787878787878788,0.8965824620009961,0.8787878787878789,0.31339343767440486,1.1102230246251565e-16,0.8787878787878789,1.1102230246251565e-16,0.9167749621423522,0.1468053115082184,0.8318250069634958,0.9167749621423522,0.31339343767440486,0.8965824620009961,1.1102230246251565e-16,0.8787878787878789,1.1102230246251565e-16,0.8026144915120692,1.1102230246251565e-16,0.27925002984355296,0.9167749621423522,0.9167749621423522,1.1102230246251565e-16,0.11922898789891168,0.7881194246120906,0.8026144915120692,0.8965824620009962,0.11922898789891168,0.6011379823912673,0.0
p104_S,0.9428571428571428,0.9055088817476933,1.1102230246251565e-16,0.5783629786442162,0.9167749621423522,0.8134990383519372,0.9167749621423522,0.9167749621423522,0.9055088817476933,1.1102230246251565e-16,0.30278331122160396,0.9055088817476933,0.9167749621423522,0.19525218383704368,0.5783629786442162,0.9167749621423522,0.9167749621423521,0.9167749621423522,0.5051283406946065,0.5783629786442162,0.5285714285714285,0.9428571428571428,0.8948339035900762,1.1102230246251565e-16,0.5783629786442162,0.5285714285714286,0.9167749621423522,0.0,0.6072077975752137,0.8134990383519372,0.9167749621423521,1.1102230246251565e-16,0.5285714285714285,0.6324881837750859,0.5051283406946065,0.8545214065093385,0.9167749621423522,0.19525218383704368,0.9428571428571428,0.754403867462331,0.9167749621423522,0.7261387212474171,0.67520082282354,0.7105012542177016,0.31339343767440475,0.19525218383704368,0.31339343767440486,0.9428571428571428,0.9167749621423522,0.31339343767440486,0.9167749621423522,1.1102230246251565e-16,0.9289928397503273,0.5051283406946065,1.1102230246251565e-16,0.9428571428571428,0.19525218383704368,0.9167749621423522,0.31339343767440486,0.9167749621423522,0.5783629786442162,0.9167749621423522,0.8845299461620748,1.1102230246251565e-16,1.1102230246251565e-16,0.9167749621423522,0.9055088817476932,0.6072077975752137,0.5783629786442162,0.1952521838370438,0.9055088817476932,0.7913437876170797,0.9167749621423521
