,p1_Q,p7_S,p11_I,p14_N,p16_R,p19_L,p19_V,p25_E,p27_T,p31_M,p32_V,p35_I,p35_W,p36_M,p37_Y,p38_K,p39_I,p39_L,p42_L,p46_L,p49_I,p50_F,p52_T,p56_F,p56_G,p56_V,p60_V,p60_Y,p64_Q,p64_T,p69_R,p70_T,p77_V,p81_V,p83_G,p84_L,p84_T,p85_I,p87_C,p87_V,p88_F,p88_I,p89_G,p93_V,p94_S,p94_T,p96_T,p96_Y,p97_T,p98_C,p100_V,p100_Y,p103_M,p104_S,p104_V,p108_T,p109_G,p110_R,p111_T,p111_V,p112_M,p112_V,p119_IMF,p122_Q,p123_V,p124_S,p144_G,p144_S,p145_S,p147_R,p150_G,p153_S,p154_M,p155_M,p157_I,p157_V,p158_L,p162_V,p165_L,p166_S,p169_V,p173_L,p179_L,p183_M,p185_T,p185_V,p189_P,p195_K,p195_N,p198_Y,p205_M,p209_S,p209_V,p210_V,p213_F,p218_L,p218_T,p222_T,p225_S,p228_L,p228_M,p232_E,p242_T,p255_L,p259_F,p259_I,p259_L,p261_Y,p263_L,p263_V,p264_C,p269_G,p271_V,p271_Y,p277_F,p277_L,p277_T,p279_Q,p279_R,p282_S,p284_S,p285_P,p286_L,p286_M,p286_Q,p287_F,p287_S,p287_T,p288_M,p289_S,p290_V,p292_S,p295_S,p297_T,p300_V,p301_Y,p303_P,p304_V,p308_L,p315_S,p318_L,p319_N,p319_T,p320_T,p322_F,p326_S,p333_GAP,p333_S,p334_S,p336_V,p338_T,p343_V
p1_Q,0.0,0.9333333333333333,0.5631881438180171,0.9503096005000047,0.47776703213290683,0.8687427547924471,0.7596299149690676,0.8907762637454499,0.9236767223027824,0.06905066374873792,0.6535898384862247,0.12652248857628634,0.6849456249164925,0.06905066374873792,0.8014550316263975,0.5527864045000421,0.25464400750007066,0.9191547916545557,0.957164706312188,0.7883963152424207,0.8984653834866381,0.9105572809000084,0.12652248857628634,0.5527864045000421,0.25464400750007044,0.9385704883166048,0.9191547916545557,0.8759652654107916,0.768130552119916,0.06905066374873792,0.15238095238095228,0.6005053697532854,0.6005053697532854,0.9236767223027824,0.4920915294142517,0.9147901057822082,0.9283885125960567,0.4920915294142517,0.12652248857628634,0.3675444679663238,0.7639116586571189,0.8945907446610539,0.6248457107525751,0.8615908669104335,0.9385704883166048,0.9236767223027824,0.5199948079200849,0.3739009663000594,0.5418771527091486,0.9503096005000047,0.9236767223027824,0.06905066374873792,0.9385704883166048,0.9503096005000047,0.850928801500014,0.7324090093601714,0.12652248857628634,0.16278164172107878,0.9503096005000047,0.9441854427814051,0.9191547916545557,0.35549661336451055,0.9441854427814051,0.886816708316378,0.9271189111186504,0.9024099927051468,0.6005053697532854,0.6396882441502791,0.5183362168483084,0.4920915294142518,0.12652248857628634,0.9385704883166048,0.9283885125960567,0.5055867675269559,0.8832949371938483,0.7463713632491058,0.12652248857628634,0.7226499018873854,0.8037918131622444,0.9012751870401514,0.8186470598835272,0.4655015726338516,0.9385704883166048,0.9191547916545557,0.9385704883166048,0.9333333333333333,0.6005053697532854,0.8984653834866381,0.8796141469142307,0.8907762637454499,0.5425337582740768,0.9701857603000028,0.8847142560223209,0.7596299149690676,0.6521672035000329,0.06905066374873792,0.9191547916545557,0.5183362168483084,0.47776703213290683,0.06905066374873792,0.9441854427814051,0.5304120737148152,0.5826349938158484,0.24236935590479347,0.21227363855662418,0.7124818846286958,0.9704679203359028,0.9385704883166048,0.9147901057822081,0.7176198270212596,0.6248457107525749,0.35747059468282094,0.6170291568974648,0.9503096005000047,0.9024099927051468,0.15238095238095228,0.7175934886583268,0.6005053697532854,0.9105572809000084,0.12652248857628634,0.8796141469142309,0.5917517095361369,0.36754446796632356,0.9503096005000047,0.9236767223027824,0.5826349938158484,0.9333333333333333,0.12652248857628634,0.12652248857628634,0.28747469680557425,0.8687427547924471,0.850928801500014,0.8615908669104335,0.8544786249782002,0.8473789900087048,0.9105572809000084,0.06905066374873803,0.7463713632491058,0.6005053697532854,0.9385704883166048,0.5418771527091486,0.9385704883166048,0.40995919789547774,0.06905066374873803,0.9024099927051468,0.9385704883166048,0.7639116586571189,0.8796141469142307,0.8651600275073517,0.6005053697532854,0.46251615011342995,0.6005053697532854
p7_S,0.9333333333333333,0.0,0.647392838985628,0.9503096005000047,0.5706084486426122,0.583400917384723,0.7966099280507493,0.4924308726994435,0.26220831559356184,0.9283885125960567,0.8075499102701247,0.9236767223027824,0.8636331809340043,0.9283885125960567,0.8291589807017838,0.637969946500034,0.9105572809000084,0.9191547916545557,0.957164706312188,0.7601824906080764,0.4517130708278463,0.2546440075000712,0.9236767223027824,0.6379699465000339,0.9105572809000084,0.07855732474907229,0.43408354158188933,0.5570188050385412,0.7866801079503224,0.9283885125960567,0.9333333333333333,0.6814156746133793,0.6814156746133795,0.2622083155935617,0.583400917384723,0.34155990831706395,0.21227363855662462,0.583400917384723,0.9236767223027824,0.8945907446610539,0.7639116586571189,0.3675444679663229,0.7038255611204538,0.6069180620256311,0.07855732474907229,0.2622083155935617,0.9441854427814051,0.9701857603000026,0.628112041610956,0.9503096005000047,0.26220831559356184,0.9283885125960567,0.07855732474907229,0.9503096005000047,0.5527864045000421,0.8246817647532156,0.9236767223027824,0.9441854427814051,0.9503096005000047,0.16278164172107856,0.30473120822917843,0.9283885125960567,0.9441854427814051,0.6281120416109559,0.6564177238450662,0.9860585703864495,0.6814156746133795,0.7175934886583268,0.6069180620256311,0.5834009173847232,0.9236767223027824,0.9385704883166048,0.21227363855662462,0.5954800825220545,0.527037377048754,0.8109313798766062,0.9236767223027824,0.7596299149690677,0.6602248471833989,0.6248457107525749,0.6323926889530957,0.9147901057822081,0.07855732474907229,0.9514928749927336,0.07855732474907229,0.9333333333333333,0.6814156746133795,0.8984653834866381,0.5425337582740768,0.49243087269944363,0.5425337582740768,0.37390096630005965,0.737148503730892,0.7966099280507493,0.9503096005000047,0.9283885125960567,0.30473120822917843,0.6069180620256311,0.5706084486426122,0.9283885125960567,0.9441854427814051,0.6177772693027566,0.6650774641732116,0.9385704883166048,0.9283885125960567,0.7866801079503223,0.5570188050385412,0.9385704883166048,0.9147901057822081,0.7639116586571186,0.7038255611204538,0.957164706312188,0.6170291568974648,0.9503096005000047,0.42840138584443055,0.9333333333333333,0.7175934886583268,0.6814156746133793,0.37390096630005965,0.9236767223027824,0.5425337582740768,0.6734013676289097,1.0,0.9503096005000047,0.26220831559356184,0.6650774641732116,0.9333333333333333,0.9236767223027824,0.9236767223027824,0.9064360712977018,0.5834009173847231,0.850928801500014,0.6069180620256311,0.628112041610956,0.5631881438180173,0.37390096630005965,0.9283885125960567,0.7371485037308916,0.6814156746133795,0.07855732474907229,0.6281120416109561,0.07855732474907229,0.510391674849439,0.9283885125960567,0.42840138584443055,0.07855732474907229,0.8379785892744933,0.5425337582740768,0.5954800825220545,0.6814156746133795,0.5570188050385412,0.6814156746133795
p11_I,0.5631881438180171,0.647392838985628,0.0,0.6744196653997414,0.3174796133340523,0.7959196287966251,0.9781054558128628,0.7956000723822467,0.6498744720838143,0.530788798946963,0.9301150700808021,0.4999163109877808,0.8607966892862868,0.530788798946963,0.9296514219908496,0.4469056966429339,0.5457565934131332,0.8276839887238429,0.8455781874708028,0.8066002003150814,0.813509855629293,0.7434583869535314,0.4999163109877808,0.4469056966429339,0.6116571912599325,0.5975029146583504,0.5417670514952562,0.7617392461911157,0.9568020522074477,0.530788798946963,0.5631881438180171,0.5325358240907001,0.5325358240907001,0.5748953915357975,0.34180701472818775,0.6471576234775818,0.689076914964855,0.34180701472818775,0.4999163109877808,0.7170789594395606,0.5004482739584999,0.5423336108581128,0.5339472359784467,0.8273647731329872,0.5975029146583504,0.49991631098778067,0.6342930948905516,0.5457565934131332,0.2847821852957533,0.6744196653997414,0.49991631098778044,0.530788798946963,0.5975029146583504,0.6744196653997414,0.7293368302720742,0.9599369726679929,0.4999163109877809,0.6342930948905516,0.6744196653997414,0.6342930948905516,0.6132462858024028,0.7682209729738008,0.8316867015038443,0.761310414010064,0.7591802965117694,0.6687305471183802,0.5325358240907001,0.4334323411839158,0.38681715621666024,0.34180701472818775,0.4999163109877808,0.7785457803541929,0.6890769149648548,0.36487674323521757,0.9413282488744483,0.9493991301585687,0.4999163109877808,0.940154912555158,0.7721976686983856,0.8394533956715049,0.7217985741567929,0.8526256278303245,0.5975029146583504,0.7562047544166963,0.5975029146583504,0.8158022293208504,0.5325358240907001,0.9470987842616048,0.9562839543594361,0.9092119428199062,0.3708690823031894,0.5457565934131335,0.6836535547323475,0.9781054558128628,0.6744196653997414,0.530788798946963,0.4702878171881094,0.38681715621666024,0.3174796133340523,0.530788798946963,0.6342930948905516,0.4077394740269571,0.5000915457905193,0.5975029146583505,0.6099328569559088,0.5877890744541188,0.7095177111097163,0.8593684882541222,0.921114962614572,0.9674761495115629,0.49030349887943814,0.7193355378118973,0.4750547898529014,0.6744196653997414,0.6070990210008695,0.5631881438180171,0.6056320095350727,0.5325358240907001,0.5457565934131333,0.4999163109877808,0.6901862852429604,0.5165815536548874,0.4840851613309637,0.6744196653997414,0.7248535526318312,0.5000915457905193,0.8158022293208506,0.4999163109877808,0.4999163109877809,0.7051235840862936,0.9472905001527708,0.9646961082963577,0.8273647731329872,0.9527726487613495,0.929788117989198,0.5457565934131332,0.5307887989469628,0.9282850981384034,0.5325358240907001,0.5975029146583504,0.28478218529575317,0.5975029146583504,0.2596921185382626,0.5307887989469628,0.6687305471183804,0.5975029146583504,0.5413771644608028,0.9562839543594361,0.989355476143607,0.5325358240907001,0.2917454304585223,0.5325358240907001
p14_N,0.9503096005000047,0.9503096005000047,0.6744196653997414,0.0,0.6107505279192387,0.6214273778074386,0.7932754423513195,0.9185894336594392,0.9431119876011427,0.9466239487316377,0.8565561723626882,0.9431119876011427,0.8422799255308722,0.9466239487316377,0.8175978106099395,0.6666666666666667,0.9333333333333333,0.3853637028471405,0.4359467431475441,0.8422799255308722,0.9243205651355835,0.9333333333333333,0.9431119876011427,0.6666666666666667,0.9333333333333333,0.954213145350437,0.3853637028471404,0.5993831916151124,0.7856966497557121,0.9466239487316377,0.9503096005000047,0.7022342833740676,0.7022342833740676,0.9431119876011426,0.6214273778074386,0.9364882947244837,0.9466239487316377,0.6214273778074386,0.9431119876011427,0.9214325798681615,0.8240301400207146,0.9214325798681613,0.7203765023973796,0.6409890128577,0.954213145350437,0.5259332300095214,0.9583982853083901,0.9333333333333333,0.6585353904706341,0.0,0.5259332300095214,0.9466239487316377,0.954213145350437,0.0,0.6666666666666667,0.8143046618229481,0.9431119876011426,0.9583982853083901,0.0,0.9583982853083901,0.8915347710906718,0.9466239487316377,0.5756625101455797,0.7710178500803074,0.6818261985938587,0.4908249227826851,0.7022342833740676,0.7314394736092391,0.6409890128577,0.6214273778074386,0.9431119876011427,0.19109890119105355,0.9466239487316377,0.6314861344049554,0.9130131820823542,0.8040820621182472,0.9431119876011427,0.8208387167044768,0.7467465537455671,0.7203765023973796,0.7260016878244044,0.9364882947244837,0.954213145350437,0.3853637028471404,0.954213145350437,0.2546440075000703,0.7022342833740676,0.9243205651355835,0.9102696829903056,0.9185894336594393,0.5872405417554067,0.6000000000000001,0.8040820621182472,0.7932754423513193,0.962962962962963,0.9466239487316377,0.3853637028471405,0.6409890128577,0.6107505279192387,0.9466239487316377,0.10972330559955001,0.6499898251377221,0.6889144915808725,0.954213145350437,0.9466239487316377,0.7856966497557121,0.5993831916151126,0.954213145350437,0.41684706974298735,0.8240301400207146,0.7203765023973796,0.9680724571592949,0.714550387140775,0.0,0.49082492278268486,0.9503096005000047,0.7314394736092391,0.7022342833740676,0.4444444444444444,0.9431119876011427,0.5872405417554067,0.6957096902749078,0.9214325798681613,0.0,0.9431119876011427,0.6889144915808725,0.25464400750007044,0.9431119876011427,0.9431119876011426,0.9302615650599058,0.9021666257255179,0.7777777777777779,0.6409890128577,0.891534771090672,0.8862430156215964,0.4444444444444444,0.9466239487316377,0.8040820621182472,0.7022342833740676,0.954213145350437,0.6585353904706341,0.954213145350437,0.5602095523319288,0.9466239487316377,0.9272607032546691,0.954213145350437,0.8240301400207146,0.9102696829903056,0.8994962184740789,0.7022342833740676,0.5993831916151124,0.7022342833740676
p16_R,0.47776703213290683,0.5706084486426122,0.3174796133340523,0.6107505279192387,0.0,0.5281194370807304,0.8294090591465391,0.8333530361585058,0.40212202256256524,0.4390318059949261,0.9932997478982718,0.40212202256256535,0.9926329053131624,0.4390318059949261,0.8464793405816626,0.24745102064386126,0.5173306546198557,0.7607531458115755,0.6644499617193307,0.9615273944131815,0.7325197249794317,0.735310358985082,0.40212202256256535,0.24745102064386115,0.4446707531647802,0.5187922569843143,0.3666995036188766,0.48899700477975605,0.9015135724617152,0.4390318059949261,0.47776703213290683,0.23502602319739996,0.23502602319739996,0.6501306650551308,0.1386937935768282,0.6345654023582243,0.5262935250623819,0.1386937935768282,0.40212202256256535,0.6238373802484936,0.5479252443461886,0.8165060391456065,0.28163422776690616,0.5634178533862139,0.5187922569843143,0.40212202256256524,0.5627769720031836,0.5899905560749312,0.17530202026813724,0.6107505279192387,0.40212202256256524,0.4390318059949261,0.5187922569843143,0.6107505279192387,0.714550387140775,0.8923804127184558,0.40212202256256546,0.5627769720031836,0.6107505279192387,0.5627769720031834,0.44551023205741624,0.613555244129838,0.8892368329074731,0.5430854196479897,0.4870839628831618,0.9150588014270624,0.23502602319739996,0.3100555154123883,0.18562491415309157,0.1386937935768282,0.40212202256256535,0.7184043577908208,0.613555244129838,0.1628096605167808,0.6845713467063197,0.901262133382424,0.40212202256256535,0.9452821510470031,0.8625450949935214,0.8109563757281331,0.8694558732007869,0.7855937231548253,0.5187922569843143,0.6819424173730355,0.5187922569843143,0.7562912816620232,0.23502602319739996,0.8055760115489261,0.7024178829613524,0.7707206202180784,0.11563624373021619,0.4446707531647802,0.7214468315748059,0.9645943330304139,0.6107505279192386,0.4390318059949261,0.3666995036188766,0.07768407437219949,0.1696969696969698,0.4390318059949261,0.5627769720031834,0.20726587901937688,0.20080685850080293,0.5187922569843142,0.43903180599492586,0.5398584942883415,0.6041526093364306,0.8823714405961656,0.8611078835531258,0.9089403789859525,0.28163422776690616,0.664449961719331,0.41212121212121167,0.6107505279192387,0.43938808941861185,0.47776703213290683,0.40498645186670323,0.23502602319739996,0.29935095025462954,0.40212202256256535,0.5263833911920115,0.21826404002942823,0.6238373802484936,0.6107505279192387,0.6501306650551307,0.2510367304693273,0.7562912816620231,0.40212202256256535,0.40212202256256546,0.6178727873766807,0.8062806110120894,0.8702501759730794,0.5634178533862139,0.963409304653535,0.9844257092975556,0.29935095025462966,0.4390318059949261,0.9462159588343284,0.23502602319739996,0.5187922569843143,0.22784250589383048,0.5187922569843143,0.11492058514525727,0.4390318059949261,0.711199924852012,0.5187922569843143,0.5479252443461886,0.7024178829613524,0.7652737365934899,0.23502602319739996,0.085952388831394,0.23502602319739996
p19_L,0.8687427547924471,0.583400917384723,0.7959196287966251,0.6214273778074386,0.5281194370807304,0.0,0.45393685245540616,0.8454528021084791,0.4998267820224449,0.8590071015721457,0.6210929707316535,0.8497302523637824,0.5833822489442899,0.8590071015721457,0.8280641678154985,0.32367363001553595,0.9668217252460451,0.5390909645079118,0.6736538724389813,0.9440484372978322,0.680727744118748,0.5329519784635591,0.8497302523637824,0.32367363001553606,0.9617173752838982,0.5319914600808613,0.38407050812618837,0.16828097185349433,0.8340655678235813,0.8590071015721457,0.8687427547924472,0.26193442999249106,0.2619344299924914,0.6624375234258881,0.49242794333170503,0.5736217702694191,0.45441878434438887,0.49242794333170503,0.8497302523637824,0.8917203858464988,0.5351754203456953,0.8285572775902899,0.3087003587903139,0.051672080608912485,0.5319914600808613,0.4185214113207234,0.8901090246551189,0.823899926305932,0.6664291965357563,0.6214273778074386,0.4185214113207235,0.8590071015721457,0.5319914600808613,0.6214273778074386,0.42576062925847413,0.7748846768062136,0.8497302523637824,0.8901090246551189,0.6214273778074386,0.5747697041002424,0.46158073631705043,0.9448288658325787,0.8958424668470257,0.304714798311735,0.15954355187285185,0.9248144176158043,0.2619344299924914,0.33727928645345084,0.5293904927759374,0.49242794333170536,0.8497302523637824,0.7283096491106125,0.6260623128652553,0.45749565435046535,0.22864745324749058,0.5709065845998098,0.8497302523637824,0.7040179461135101,0.5145569069180476,0.4506787692099067,0.8871343297573876,0.7221578876250181,0.5319914600808613,0.6941114208896351,0.5319914600808613,0.7660196933256666,0.2619344299924914,0.8649901349903235,0.19824484712412604,0.22946397065473056,0.4867942594701987,0.5329519784635592,0.6151186016419636,0.8084822004263887,0.9021666257255179,0.8590071015721457,0.3840705081261886,0.42323084562770963,0.5281194370807304,0.8590071015721457,0.6817939583491699,0.49425401949660075,0.2276682861751489,0.8790539728298856,0.9448288658325787,0.6117610653862744,0.22490865036559693,0.8790539728298856,0.49935371159161956,0.7570865581175714,0.3087003587903139,0.91566336029322,0.6751474861587343,0.6214273778074386,0.25649812975628583,0.8687427547924471,0.6173725691599166,0.26193442999249106,0.31856928005338925,0.8497302523637824,0.14053496465491155,0.2940686770437049,0.7924640728724563,0.6214273778074386,0.4185214113207232,0.32647028725839666,0.49209152941425194,0.8497302523637824,0.8497302523637824,0.9082009739311033,0.38299951148021505,0.8596303760409603,0.10475190418302638,0.9764701092992026,0.997747457271486,0.31856928005338947,0.8590071015721457,0.5709065845998098,0.2619344299924914,0.5319914600808613,0.6664291965357562,0.5319914600808613,0.6206451853436268,0.8590071015721457,0.7243195312579491,0.5319914600808613,0.5351754203456953,0.19824484712412604,0.2420329355109343,0.2619344299924914,0.6213023999503142,0.2619344299924914
p19_V,0.7596299149690676,0.7966099280507493,0.9781054558128628,0.7932754423513195,0.8294090591465391,0.45393685245540616,0.0,0.6453912012165455,0.6824759716360056,0.7418011102528391,0.7971710051802234,0.7906693442637369,0.8500187819160415,0.7418011102528391,0.734912591701298,0.7105856192918472,0.7932754423513193,0.7264463971081663,0.8217944063950404,0.8943610550886902,0.892989583763131,0.8015444246572667,0.7906693442637369,0.7105856192918472,0.9090411946345804,0.7444377836140057,0.6636636030018439,0.5757204350385015,0.8482307266794926,0.7418011102528391,0.7596299149690675,0.6984560366798274,0.6984560366798274,0.6824759716360056,0.8084822004263887,0.6455054121779494,0.7020782041378912,0.8084822004263887,0.7906693442637369,0.9269118317244143,0.5801632596952069,0.9780735495173244,0.6823764958974629,0.510171842447146,0.7444377836140057,0.6824759716360056,0.8854467203868985,0.7353925662096887,0.9387120343247803,0.7932754423513195,0.6824759716360056,0.7418011102528391,0.7444377836140057,0.7932754423513195,0.5865508847026385,0.46001180123483665,0.7906693442637369,0.798757752031038,0.7932754423513195,0.7677974061896591,0.7264463971081665,0.8113161959539978,0.9411753429013803,0.6875808578994906,0.5119864944780568,0.9188002057058849,0.6984560366798274,0.797434119926929,0.768137768681878,0.8084822004263887,0.7906693442637369,0.7444377836140057,0.7715932898390498,0.7880786822647499,0.6098784851646721,0.3387670835019261,0.7906693442637369,0.7076923076923078,0.8155084872701706,0.529041011158307,0.702288702545542,0.9462886988148409,0.7444377836140057,0.9147947794271338,0.7444377836140057,0.7966099280507495,0.6984560366798274,0.8441778149533312,0.5926538563905519,0.5954964958600795,0.7796324141129214,0.6857786723740056,0.5894472607429755,0.46666666666666756,0.9173101769405277,0.7418011102528391,0.6636636030018439,0.768137768681878,0.8294090591465388,0.7418011102528391,0.7677974061896591,0.7486060147325883,0.6555895021634435,0.7785127457988048,0.8113161959539978,0.6835996505352133,0.6215884961154203,0.9375292359945346,0.7658187268327059,0.8086982437143297,0.7590442382670407,0.8455551522090352,0.7392855432239558,0.7932754423513195,0.594001028529425,0.7596299149690676,0.646184929472369,0.6984560366798274,0.627895796232375,0.7906693442637369,0.49916457752936694,0.716930741463851,0.7222649605527741,0.7932754423513195,0.6824759716360056,0.7356184975113571,0.7226499018873855,0.7906693442637369,0.7906693442637369,0.886219385084085,0.7198458634336431,0.9586550884702639,0.5531661634862681,0.8520119853208115,0.8175454651071894,0.627895796232375,0.741801110252839,0.4820128990682401,0.6984560366798274,0.7444377836140057,0.8968568382538988,0.7444377836140057,0.9199169976564872,0.741801110252839,0.8105338133137319,0.7444377836140057,0.6520619063529085,0.5926538563905519,0.5262935250623819,0.6984560366798274,0.850928801500014,0.6984560366798274
p25_E,0.8907762637454499,0.4924308726994435,0.7956000723822467,0.9185894336594392,0.8333530361585058,0.8454528021084791,0.6453912012165455,0.0,0.5758287515535072,0.882674886804935,0.7440491533256575,0.8749552967007448,0.7883652599915792,0.882674886804935,0.9523861199277814,0.8994340062851895,0.8534609805869907,0.8675467642934958,0.9298205376978436,0.6360970102210661,0.8010325292174996,0.6638222495819202,0.8749552967007448,0.8994340062851895,0.8534609805869906,0.4375809344204147,0.6961366945556664,0.8206943614197452,0.9204476722195503,0.882674886804935,0.8907762637454499,0.9459038696537018,0.9459038696537019,0.575828751553507,0.8454528021084793,0.637925077996556,0.5376010244665081,0.8454528021084793,0.8749552967007448,0.8273021094410566,0.6631700640251761,0.6038107216588946,0.9714565187080715,0.8682104244468631,0.4375809344204147,0.575828751553507,0.9085558828478757,0.8534609805869906,0.773011513710814,0.9185894336594392,0.5758287515535072,0.882674886804935,0.4375809344204147,0.9185894336594392,0.8994340062851897,0.6416248384081367,0.8749552967007448,0.9085558828478757,0.9185894336594392,0.48898875709107026,0.6088733863254987,0.882674886804935,0.9085558828478757,0.8893625913510375,0.9187242103499669,0.8401128217322096,0.9459038696537019,0.8826870145359389,0.8682104244468631,0.8454528021084792,0.8749552967007448,0.8993565882647058,0.5376010244665081,0.8570544280766008,0.7934044851317839,0.5693556624608362,0.8749552967007448,0.7558723345058627,0.9082204951482078,0.8116130234732721,0.39772834019452863,0.8603958548151671,0.4375809344204147,0.8675467642934958,0.4375809344204147,0.9935750743379675,0.9459038696537019,0.8336501473785652,0.8074059309477324,0.7628482972136221,0.8074059309477324,0.6638222495819199,0.9675572377292476,0.6453912012165455,0.9185894336594392,0.882674886804935,0.6088733863254987,0.8682104244468631,0.8333530361585058,0.882674886804935,0.9085558828478758,0.8789664774687519,0.9279957083135755,0.8993565882647058,0.882674886804935,0.5789983552293052,0.820694361419745,0.8993565882647058,0.860395854815167,0.8371616865817078,0.8648941885515388,0.9298205376978436,0.5336121884436039,0.9185894336594392,0.708441027864618,0.8907762637454499,0.4622372746327441,0.9459038696537018,0.6638222495819202,0.8749552967007448,0.8074059309477324,0.9370488419708293,0.9695239016660686,0.9185894336594392,0.5758287515535072,0.9279957083135755,0.8907762637454499,0.8749552967007448,0.8749552967007448,0.8467089719272096,0.8454528021084791,0.7845014420396925,0.8682104244468631,0.714835974890702,0.7387941371634172,0.6638222495819202,0.882674886804935,0.7186812531864903,0.9459038696537019,0.4375809344204147,0.8893625913510375,0.4375809344204147,0.7785913200205279,0.882674886804935,0.7084410278646183,0.4375809344204147,0.6132032390858646,0.8074059309477324,0.735767276141595,0.9459038696537019,0.820694361419745,0.9459038696537019
p27_T,0.9236767223027824,0.26220831559356184,0.6498744720838143,0.9431119876011427,0.40212202256256524,0.4998267820224449,0.6824759716360056,0.5758287515535072,0.0,0.9180156484083706,0.7796736753803839,0.9665587918015103,0.8247394803519399,0.9180156484083706,0.7198345536867863,0.6397092548072365,0.8976015776820567,0.9773753052808578,0.9509600497693489,0.70630404386622,0.44117820876807134,0.4652526834507408,0.9665587918015103,0.6397092548072365,0.9962074658400761,0.1951405451022118,0.5166542491819633,0.46881084071809,0.8029729963047523,0.9180156484083706,0.9236767223027824,0.5426389059569903,0.5426389059569903,0.3624595469255667,0.5811321527241665,0.4353780918106378,0.3167970700697542,0.5811321527241665,0.9665587918015103,0.9731827337763623,0.7297144594391765,0.5575151073099781,0.5705049250369969,0.5274442821253238,0.1951405451022118,0.3624595469255665,0.9048611177801609,0.9962074658400761,0.4755184406017048,0.9431119876011427,0.3624595469255666,0.9180156484083706,0.1951405451022118,0.9431119876011427,0.6397092548072365,0.9776985627431225,0.9665587918015102,0.9361007507478691,0.9431119876011427,0.26870859189228036,0.1711134571077919,0.9180156484083706,0.9361007507478691,0.5523052832848538,0.5112925706966275,0.8882741615914211,0.5426389059569903,0.587497387010645,0.6063209444233324,0.5811321527241664,0.9665587918015103,0.9296724748147565,0.3167970700697542,0.5940603137599147,0.43352615219401447,0.764773778219491,0.9665587918015103,0.7248125087512047,0.7473687174328651,0.7814849618609283,0.7886373052029789,0.9024475237159739,0.1951405451022118,0.8621950412561341,0.1951405451022118,0.9236767223027824,0.5426389059569903,0.8837581790195526,0.4517681738790641,0.575828751553507,0.366011240184169,0.46525268345074067,0.764773778219491,0.8800464781736022,0.8799030849357454,0.9180156484083706,0.4014739851572392,0.4485676198273152,0.567461117557609,0.9180156484083706,0.9048611177801609,0.6179792764414995,0.522180020978591,0.9296724748147565,0.9180156484083706,0.802972996304752,0.6371083961341406,0.9296724748147562,0.9024475237159739,0.7297144594391762,0.5705049250369969,0.9509600497693489,0.7032753741606803,0.9431119876011427,0.515854700229492,0.9236767223027824,0.6568671958016477,0.5426389059569903,0.25287077049500617,0.9665587918015103,0.5375251075739591,0.5326172853626827,0.9731827337763623,0.9431119876011427,0.3624595469255665,0.5221800209785907,0.9236767223027824,0.9665587918015103,0.9665587918015102,0.8928834143081772,0.4998267820224449,0.8293359628034276,0.5274442821253238,0.7058789686511521,0.7248535526318312,0.25287077049500617,0.9180156484083705,0.764773778219491,0.5426389059569903,0.1951405451022118,0.6290921259680029,0.1951405451022118,0.592779034117493,0.9180156484083705,0.5158547002294922,0.1951405451022118,0.7297144594391765,0.4517681738790641,0.5140158685858134,0.5426389059569903,0.5529596184261152,0.5426389059569903
p31_M,0.06905066374873792,0.9283885125960567,0.530788798946963,0.9466239487316377,0.4390318059949261,0.8590071015721457,0.7418011102528391,0.882674886804935,0.9180156484083706,0.0,0.6278957962323748,0.06173464289579589,0.6615773138072527,1.1102230246251565e-16,0.7768088874717043,0.5196155385847387,0.19935923097456476,0.9131583157135157,0.9539875135844658,0.772701180915319,0.8909343263273377,0.9039231077169478,0.06173464289579589,0.5196155385847387,0.19935923097456454,0.9340141194678124,0.9131583157135157,0.8667653224947017,0.7509322593066412,1.1102230246251565e-16,0.06905066374873803,0.5708739297721659,0.570873929772166,0.9180156484083706,0.4544187843443892,0.908469891002969,0.9230769230769231,0.4544187843443892,0.06173464289579589,0.32063377951324323,0.746400440765596,0.8867722965855405,0.5970196501153406,0.851324741637487,0.9340141194678124,0.9180156484083706,0.3884645904339412,0.3114489386381256,0.5078971223765887,0.9466239487316377,0.9180156484083706,1.1102230246251565e-16,0.9340141194678124,0.9466239487316377,0.8398718461949128,0.712561167165808,0.06173464289579589,0.22059212506286652,0.9466239487316377,0.9400455480817589,0.9131583157135157,0.40384615384615397,0.9400455480817589,0.9131583157135158,0.9888161646176876,0.8951715163278082,0.570873929772166,0.612963088517126,0.4826101008984546,0.4544187843443892,0.06173464289579589,0.9340141194678124,0.9230769230769231,0.46891499545620596,0.8746386529732129,0.7275591411105107,0.06173464289579589,0.7020782041378912,0.7892385984957629,0.8833477934544407,0.8051956931977171,0.5090657790159243,0.9340141194678124,0.9131583157135157,0.9340141194678124,0.9283885125960567,0.570873929772166,0.8909343263273377,0.8706848499720321,0.882674886804935,0.5861915199105024,0.9839871846194913,0.9256979475755938,0.741801110252839,0.49292751295055803,1.1102230246251565e-16,0.9131583157135157,0.4826101008984546,0.4390318059949261,1.1102230246251565e-16,0.9400455480817589,0.49558165197676995,0.5516780667519541,0.14218355308156194,0.13461538461538447,0.6911560015402352,0.9555884408315674,0.9340141194678124,0.9084698910029689,0.6966750369941442,0.5970196501153406,0.4018376765980538,0.5886233243962793,0.9466239487316377,0.8951715163278082,0.06905066374873792,0.6861862879868588,0.5708739297721659,0.9039231077169478,0.06173464289579589,0.8706848499720321,0.5614709903464856,0.32063377951324257,0.9466239487316377,0.9180156484083706,0.5516780667519541,0.9283885125960567,0.06173464289579589,0.06173464289579589,0.23462504837952358,0.8590071015721457,0.8398718461949128,0.851324741637487,0.8436849682843282,0.8360587369814689,0.9039231077169477,2.220446049250313e-16,0.7275591411105107,0.570873929772166,0.9340141194678124,0.5078971223765887,0.9340141194678124,0.3661945079841913,2.220446049250313e-16,0.8951715163278082,0.9340141194678124,0.746400440765596,0.8706848499720321,0.8551586351244198,0.570873929772166,0.4226497308103744,0.570873929772166
p32_V,0.6535898384862247,0.8075499102701247,0.9301150700808021,0.8565561723626882,0.9932997478982718,0.6210929707316535,0.7971710051802234,0.7440491533256575,0.7796736753803839,0.6278957962323748,0.0,0.6719585833441273,0.09051635868083929,0.6278957962323748,0.5121560850831545,0.9139337034176129,0.7159812212781227,0.7666199859953318,0.8763451582926254,0.6932189508386113,0.9257466849769971,0.8622939254681805,0.6719585833441273,0.913933703417613,0.7762276288857937,0.8226682744670228,0.7666199859953315,0.6419425629802831,0.33065055924791764,0.6278957962323748,0.6535898384862247,0.8452612454104329,0.8452612454104329,0.7796736753803839,0.9901154688016953,0.754020223178692,0.7932754423513191,0.9901154688016953,0.6719585833441273,0.8782838761099632,0.8797302934469018,0.9847854845137455,0.8062040890505822,0.6004472487621797,0.8226682744670228,0.7796736753803839,0.8002077922638962,0.8364740364934646,0.8537485245570746,0.8565561723626882,0.7796736753803839,0.6278957962323748,0.8226682744670228,0.8565561723626882,0.7848342585440325,0.579137768696163,0.6719585833441273,0.709979053286301,0.8565561723626882,0.8388772518257226,0.831966389916639,0.8449565817634895,0.8388772518257226,0.7541730519150827,0.7174768478042044,0.9436563830180988,0.8452612454104329,0.8987981187519887,0.9520536698514616,0.9901154688016953,0.6719585833441273,0.9881778849644682,0.7932754423513191,0.9740500351946157,0.6631015028653802,0.6884980051059602,0.6719585833441273,0.8345342410680766,0.7430458779906646,0.9544009621295487,0.6915471784159801,0.9329146063214613,0.8226682744670228,0.7666199859953317,0.8226682744670228,0.9615099820540248,0.8452612454104329,0.7068948091197254,0.6524759765715422,0.6846982323576942,0.9443961562514467,0.9225403330758515,0.6884980051059599,0.5729915898531017,0.8422117895989572,0.6278957962323748,0.7666199859953318,0.9584465138712668,0.9932997478982718,0.6278957962323748,0.8388772518257226,0.968474800505936,0.8720798846562687,0.680802894040641,0.7002493914094129,0.8072273610634002,0.6896835545829121,0.9290673097868091,0.7540202231786919,0.2222558976232969,0.9259015634605168,0.7774212849267257,0.8592947058637104,0.8565561723626882,0.7182819150904944,0.6535898384862245,0.6682827225759633,0.8452612454104329,0.7418011102528388,0.6719585833441273,0.6524759765715422,0.8585786437626902,0.5587790508986161,0.8565561723626882,0.7796736753803839,0.8720798846562687,0.8075499102701247,0.6719585833441273,0.6719585833441273,0.8046999620871224,0.6210929707316535,0.9139337034176129,0.6004472487621799,0.7106087826342111,0.6870370529705483,0.7418011102528388,0.6278957962323748,0.8748667199998301,0.8452612454104329,0.8226682744670228,0.9719943983194397,0.8226682744670228,0.9202710132934679,0.6278957962323748,0.9436563830180988,0.8226682744670228,0.7674785673306765,0.6524759765715422,0.7015754047380827,0.8452612454104329,0.9761295041986856,0.8452612454104329
p35_I,0.12652248857628634,0.9236767223027824,0.4999163109877808,0.9431119876011427,0.40212202256256535,0.8497302523637824,0.7906693442637369,0.8749552967007448,0.9665587918015103,0.06173464289579589,0.6719585833441273,0.0,0.6393102616116713,0.06173464289579589,0.8196838741757725,0.4880078884102834,0.2528707704950063,0.9773753052808578,0.9509600497693489,0.7577456980973913,0.8837581790195528,0.8976015776820567,0.0,0.4880078884102834,0.1466798140171388,0.9296724748147565,0.9074444306944185,0.8579989376177074,0.8006133914700786,0.06173464289579589,0.12652248857628634,0.5426389059569903,0.5426389059569903,0.912621359223301,0.4185214113207232,0.902447523715974,0.9180156484083706,0.4185214113207232,0.0,0.27593381196178335,0.7297144594391767,0.8793223019936305,0.5705049250369969,0.8415424194906078,0.9296724748147565,0.912621359223301,0.2687085918922809,0.2528707704950064,0.475518440601705,0.9431119876011427,0.912621359223301,0.06173464289579589,0.9296724748147565,0.9431119876011427,0.9051866460019043,0.6936486776818415,0.0,0.2687085918922809,0.9431119876011427,0.9361007507478691,0.9074444306944185,0.4443282836567334,0.9361007507478691,0.9362394967005994,0.9562944575419748,0.8882741615914214,0.5426389059569903,0.5874973870106452,0.4485676198273151,0.4185214113207234,0.0,0.9296724748147565,0.9180156484083706,0.43397142341171224,0.8663903062416227,0.7096334668794213,0.0,0.7483328071485378,0.8435512298319189,0.8668816434325193,0.7923782378542534,0.545740489222869,0.9296724748147565,0.9074444306944185,0.9296724748147565,0.9236767223027824,0.5426389059569903,0.8837581790195526,0.8621763565617759,0.8749552967007448,0.5375251075739591,0.9962074658400762,0.9618710613073989,0.7248125087512047,0.34894830254641007,0.06173464289579589,0.9074444306944185,0.44856761982731497,0.40212202256256535,0.06173464289579589,0.9048611177801609,0.4623926544831285,0.522180020978591,0.19514054510221202,0.18926585648277472,0.6708351255630292,0.9421477153257327,0.9296724748147565,0.9024475237159739,0.742669321949717,0.5705049250369969,0.4387650140269923,0.5615561498792143,0.9431119876011427,0.8882741615914211,0.12652248857628634,0.7262370045926503,0.5426389059569903,0.8976015776820567,0.0,0.9479332902566708,0.5326172853626829,0.2759338119617828,0.9431119876011427,0.912621359223301,0.522180020978591,0.9236767223027824,0.0,0.0,0.28680495509461557,0.8497302523637824,0.8293359628034278,0.8415424194906078,0.8333999752499535,0.8252719640800681,0.8976015776820566,0.061734642895795666,0.7096334668794214,0.5426389059569903,0.9296724748147565,0.475518440601705,0.9296724748147565,0.413921198122039,0.061734642895795666,0.8882741615914214,0.9296724748147565,0.7297144594391767,0.8621763565617759,0.8456285700213761,0.5426389059569903,0.3846620630100649,0.5426389059569903
p35_W,0.6849456249164925,0.8636331809340043,0.8607966892862868,0.8422799255308722,0.9926329053131624,0.5833822489442899,0.8500187819160415,0.7883652599915792,0.8247394803519399,0.6615773138072527,0.09051635868083929,0.6393102616116713,0.0,0.6615773138072527,0.5365559601879348,0.9053679553185232,0.7539566838281604,0.8072595111486367,0.8640384102697886,0.6255389718076281,0.9450936359280523,0.892750349360993,0.6393102616116713,0.9053679553185232,0.7539566838281604,0.805019334624022,0.7433928402866463,0.6063068968449261,0.300668330755115,0.6615773138072527,0.6849456249164925,0.8298608709826534,0.8298608709826534,0.7577456980973913,0.9891317108420248,0.7295390860856752,0.772701180915319,0.9891317108420248,0.6393102616116713,0.8661700789763587,0.7991917959593321,0.8141251096893873,0.7869165511670702,0.5606817615121823,0.805019334624022,0.7577456980973913,0.7362306933239946,0.5773102004227371,0.8658039594387944,0.8422799255308722,0.7577456980973913,0.6615773138072527,0.805019334624022,0.8422799255308722,0.9474266418436241,0.5372514554594989,0.6393102616116713,0.7362306933239946,0.8422799255308722,0.8228415104414888,0.8072595111486367,0.8737228782862885,0.8228415104414888,0.7084182348146043,0.7099212739146142,0.8692141007856367,0.8298608709826534,0.9512317661337977,0.9582159542060475,0.989131710842025,0.6393102616116713,0.9667810718248334,0.7727011809153189,0.9714673649679448,0.6295716802053031,0.7849997184375338,0.6393102616116713,0.8500187819160416,0.8686939187208953,0.9791094658006931,0.607607489457187,0.9644849304960987,0.805019334624022,0.9988595237346074,0.805019334624022,0.9858930876828282,0.8298608709826534,0.6777235152298727,0.6178886484154991,0.6533178241832078,0.9507500924624422,0.892750349360993,0.6392809194360436,0.557881452778592,0.7651723335681873,0.6615773138072527,0.7433928402866463,0.9543109031972669,0.9926329053131624,0.6615773138072527,0.9110270696883922,0.976121220146449,0.8593486352781567,0.709695453773544,0.7322925019669313,0.783462317567767,0.6529668201818242,0.952338059574761,0.7295390860856751,0.32312941955072394,0.9039035426831885,0.7975682997350186,0.7274174965870098,0.8422799255308722,0.6902439229133497,0.6849456249164925,0.7410475469357981,0.8298608709826534,0.7161038659555696,0.6393102616116713,0.665440283279348,0.8445036833953552,0.5018552939675573,0.8422799255308722,0.7577456980973913,0.8593486352781567,0.7883963152424205,0.6393102616116713,0.6393102616116713,0.8421198765396831,0.5833822489442898,0.8843386120559729,0.5606817615121823,0.6658404542399443,0.6818740339155944,0.7161038659555696,0.6615773138072527,0.8214294181879062,0.8298608709826534,0.805019334624022,0.9638849182625651,0.805019334624022,0.9619237110712533,0.6615773138072527,0.9793495948608899,0.805019334624022,0.7626218466055844,0.6178886484154991,0.6607786723966785,0.8298608709826534,0.9737537931229951,0.8298608709826534
