,p1_P,p1_Q,p7_Q,p7_S,p14_N,p14_S,p19_L,p19_V,p25_E,p27_T,p31_M,p32_V,p35_I,p35_W,p36_K,p36_M,p37_Y,p39_I,p39_L,p41_G,p42_L,p49_C,p49_I,p50_F,p52_T,p56_G,p56_V,p60_V,p60_Y,p64_Q,p64_T,p69_R,p81_V,p83_N,p84_L,p84_T,p86_TEV,p87_C,p87_V,p88_C,p88_I,p93_V,p94_T,p95_L,p96_T,p96_Y,p98_C,p98_S,p99_M,p100_V,p100_Y,p103_M,p104_S,p104_V,p108_I,p108_L,p108_T,p109_G,p110_R,p111_T,p111_V,p112_M,p112_V,p119_I,p119_L,p122_Q,p123_V,p124_S,p133_V,p150_G,p153_S,p154_G,p154_M,p157_I,p157_V,p158_L,p162_TMGA,p162_V,p165_L,p165_S,p166_S,p169_V,p173_L,p179_L,p183_M,p185_T,p185_V,p195_N,p198_Y,p205_M,p209_S,p209_T,p209_V,p210_V,p213_F,p214_V,p217_T,p218_L,p218_T,p228_L,p228_M,p241_E,p248_R,p255_L,p259_L,p259_MC,p263_I,p263_L,p263_V,p269_G,p271_Y,p273_G,p277_F,p277_L,p277_T,p279_R,p282_S,p284_S,p284_T,p286_L,p286_M,p286_Q,p287_S,p287_T,p288_M,p289_S,p290_V,p292_S,p295_S,p301_Y,p303_P,p304_V,p315_N,p315_S,p319_N,p319_T,p320_T,p322_F,p326_S,p332_GAP,p333_S,p334_S,p352_S
p1_P,0.0,0.9417636465065244,0.5703799205130043,0.953126634784732,0.9024753244595265,0.9548898503327609,0.96811033056065,0.993935583687536,0.9376390435537676,0.7964356710651224,0.6240091696117338,0.8562527728750134,0.5473768401111969,0.8059844336674511,0.8987688400355516,0.6933391028578662,0.9290221298213349,0.7669354464423728,0.8733261986688334,0.8841153306311651,0.9673139774769692,0.6256316613041439,0.9991427591668773,0.9417636465065242,0.5473768401111969,0.6256316613041439,0.9583100623643777,0.9356415364204558,0.9036132487449682,0.9833996026481333,0.6933391028578662,0.6703778016413431,0.9376390435537676,0.9155142968510754,0.9356415364204557,0.9483602220505678,0.9640954816449836,0.5473768401111969,0.6612662230198123,0.946878728474027,0.9978228662025016,0.959186475073738,0.9640954816449836,0.8759781220819418,0.4138245646209888,0.6090257670391981,0.9127219254388009,0.8738369801258139,0.8825037200211847,0.9483602220505678,0.7222539700682342,0.9583100623643777,0.9583100623643777,0.9069165220979991,0.9336814645204816,0.922878444744865,0.8622869137686751,0.5473768401111969,0.9483602220505678,0.961111111111111,0.9673139774769692,0.9556571072793907,0.9376390435537676,0.9024753244595265,0.9946878728474027,0.957026003830638,0.6735715154041308,0.9933410283232376,0.7245930041480226,0.5473768401111969,0.9556571072793907,0.12299612174794994,0.9483602220505678,0.9172451947512772,0.8864239718644928,0.7036226071757776,0.9506993351408366,0.9144287913127331,0.9701523386652899,0.9317552055996856,0.8677694181089248,0.8661144248911699,0.9207523297710589,0.7964356710651223,0.96436516774501,0.9583100623643777,0.9366797960858153,0.910397132662367,0.8819316530448682,0.9851995263772659,0.9417636465065244,0.9490531115735039,0.9186377827517336,0.8844678429374143,0.38930116371264956,0.6635652803355038,0.8743438275124915,0.6933391028578662,0.9770892475941801,0.6933391028578662,0.8217198142221983,0.8368233269531866,0.8120705975174178,0.8420074021830011,0.9711200745303274,0.6834125247055031,0.9171270703192678,0.9946878728474027,0.9080382038836536,0.9673139774769692,0.961111111111111,0.20640225857904781,0.9978228662025016,0.6933391028578659,0.8396748695137355,0.9770892475941801,0.5347829192530971,0.9800795231777601,0.6090257670391976,0.6478926416038219,0.9556571072793907,0.9460973869038323,0.9506993351408366,0.5473768401111969,0.5473768401111969,0.7903932924780372,0.8906116461143512,0.897131100025272,0.9635878459715215,0.9688423311241889,0.6933391028578662,0.8705169006554406,0.8594366174420627,0.9583100623643777,0.9583100623643777,0.800795231777601,0.6933391028578662,0.9225314790246226,0.9583100623643777,0.9120914098172412,0.9087129070824722,0.8987688400355516,0.8421946321791924
p1_Q,0.9417636465065244,0.0,0.9261719470976728,0.9298068434430109,0.9375690585502243,0.8337569528161252,0.8484057070108633,0.7758080064122176,0.9066140790452963,0.9298068434430109,0.1697176559963951,0.6093386644806431,0.19125420097421197,0.6225310558475812,0.8484057070108633,0.1218691264456353,0.7640215608264406,0.2962782847661335,0.9036227996633204,0.8264619853470221,0.9510524775499363,0.3244296122259285,0.8786881301461318,0.9127906976744184,0.19125420097421197,0.3244296122259286,0.9375690585502243,0.9036227996633204,0.8410640836651361,0.7215769768051474,0.1218691264456353,0.20310680785319613,0.9066140790452963,0.8734821329613411,0.9036227996633204,0.9226691106660299,0.9462327599816529,0.19125420097421197,0.38458344064508676,0.8607884884025738,0.8813261199060487,0.8386256939080243,0.9462327599816529,0.8799221420396526,0.5603563851900086,0.3514547882247214,0.9335962417754113,0.8607884884025738,0.7390281388878126,0.9226691106660299,0.19125420097421197,0.9375690585502243,0.9375690585502243,0.8386256939080243,0.9006875797765896,0.7945240244634373,0.7093880175261091,0.19125420097421197,0.11327246897047538,0.9417636465065244,0.9510524775499363,0.9335962417754113,0.27158981655331205,0.9375690585502243,0.8839904070021447,0.9781587011030146,0.8215953685366197,0.8734821329613411,0.49032128756834703,0.19125420097421197,0.9335962417754113,0.8824407539579504,0.9226691106660299,0.8760741633550424,0.7446507946125082,0.14665500855831692,0.9261719470976726,0.7031043335459579,0.7793376777401354,0.8978029950369242,0.8871080508219795,0.7995055168073255,0.4358426315533699,0.9298068434430111,0.9066140790452963,0.9375690585502243,0.9226691106660299,0.8658191476950554,0.8558069982748946,0.45461074406886137,0.9852713178294574,0.9159916659598744,0.9361917168916023,0.741850681494179,0.6936798496840066,0.8839904070021447,0.8118290985240648,0.1218691264456353,0.8978029950369242,0.1218691264456353,0.9226691106660299,0.7556419150828804,0.7185745484767434,0.18631927886849764,0.9354165165369441,0.9510524775499363,0.7869807568363223,0.8839904070021447,0.6934184479424512,0.4387350759059361,0.9417636465065244,0.9651427243572086,0.8813261199060487,0.1870320126974866,0.6225045355154226,0.8978029950369242,0.1697176559963951,0.8607884884025738,0.2962782847661334,0.3620527104955721,0.9335962417754113,0.9192805009302449,0.9261719470976728,0.19125420097421197,0.19125420097421197,0.3500614966479254,0.83619025827261,0.8459531811379448,0.843506282778552,0.9036227996633203,0.12186912644563508,0.7215769768051475,0.7895054585315878,0.9375690585502243,0.9375690585502243,0.3735481978115822,0.12186912644563508,0.8839904070021447,0.9375690585502243,0.8683563382943829,0.8632970093919083,0.8484057070108633,0.7636854781365014
p7_Q,0.5703799205130043,0.9261719470976728,0.0,0.9405771639323091,0.9471483577418309,0.8592650078048497,0.8716660816674149,0.8681499275214296,0.9209430584957905,0.9405771639323091,0.8009903319853989,0.9999999999999998,0.8091269875360785,0.9917357566989762,0.8486317886333612,0.7831773503447838,0.9946394373258111,0.8501273376674549,0.9184107560169368,0.8530893679376823,0.9585629034917629,0.8615754400005535,0.8973020204677815,0.9261719470976726,0.8091269875360785,0.8615754400005535,0.9471483577418311,0.9184107560169368,0.8654509447232644,0.9919646956683346,0.7831773503447838,0.7628291754873715,0.8418861169915808,0.9556806163227312,0.9274762275706105,0.9345346329292024,0.9544827153224196,0.8091269875360785,0.8868907474716643,0.8821488698022422,0.899535241493032,0.863386697410375,0.9544827153224197,0.9436358092952224,0.725686804638451,0.8501273376674547,0.9437851233253105,0.8821488698022422,0.9919172399235804,0.9345346329292024,0.8091269875360784,0.9471483577418311,0.9471483577418309,0.863386697410375,0.9159259113581812,0.8260519143309231,0.7539790338416791,0.8091269875360785,0.9345346329292024,0.9506993351408366,0.9585629034917629,0.9437851233253103,0.9209430584957905,0.9471483577418309,0.9017907248352016,0.9149039471699933,0.9456290116002841,0.892894822779934,0.7257055195486445,0.8091269875360785,0.9437851233253103,0.631480252910368,0.9345346329292024,0.8950891363672184,0.7838311494164417,0.8659000953350908,0.9375,0.9786093198142196,0.9972118766453408,0.9134839324742521,0.8323671416642955,0.8302690548249969,0.8995352414930322,0.8573851934375416,0.9209430584957905,0.9471483577418311,0.9345346329292024,0.886407633150587,0.9932184295102404,0.886407633150587,0.9261719470976726,0.9288817641655245,0.7994394297622384,0.7814606809696155,0.7108944706973136,0.9646446609406726,0.9410006395496011,0.7831773503447838,0.9134839324742521,0.7831773503447838,0.9345346329292024,0.7931358107530626,0.761755998854887,0.8984025202364635,0.9743716085187171,0.9585629034917629,0.8450255315415351,0.9017907248352017,0.9411352142521057,0.9585629034917629,0.9506993351408366,0.6036126830637327,0.8995352414930322,0.7831773503447836,0.9829611449725879,0.9134839324742521,0.800990331985399,0.8821488698022422,0.8501273376674547,0.8772586988937906,0.9437851233253105,0.9316659658011832,0.9375,0.8091269875360785,0.8091269875360785,0.8722085872944104,0.8613249509436929,0.8695898672606746,0.8675184168912007,0.9184107560169369,0.7831773503447836,0.764297739604484,0.8218033887581906,0.9471483577418311,0.9471483577418311,0.8821488698022422,0.7831773503447836,0.9017907248352015,0.9471483577418311,0.8885555214697838,0.8842724875284311,0.8716660816674149,0.8739380604895888
p7_S,0.953126634784732,0.9298068434430109,0.9405771639323091,0.0,0.9497504884189532,0.8661940420767971,0.6539767088226534,0.8296147953814452,0.41371609815779387,0.21129943502824833,0.9154586905720299,0.8203222326476918,0.9132073926794508,0.911997608337877,0.712481551001825,0.9200652674095471,0.8404752496209273,0.9002543831780694,0.9224277716785214,0.860322457509761,0.9606030433131187,0.9743708246186267,0.556634430937528,0.19511847147985784,0.9132073926794508,0.8960979376430818,0.11058364501547135,0.4328608196051893,0.672269400939626,0.84313171606101,0.9200652674095471,0.9248353971997172,0.41371609815779387,0.8981681057928164,0.4328608196051893,0.2862893894440669,0.9567237416697236,0.9132073926794508,0.8859420412239699,0.8879512257578643,0.4085205901971104,0.6780005738856636,0.23401022755410672,0.8505145571284898,0.9323832436893531,0.9665139714954945,0.9465528415807114,0.8879512257578643,0.885752514645324,0.286289389444067,0.9132073926794508,0.11058364501547135,0.9497504884189532,0.5650289178192827,0.9200652674095471,0.8104864126761298,0.8060087290092737,0.9132073926794508,0.9377577955910523,0.953126634784732,0.3026738666422022,0.49819056817445473,0.9248353971997172,0.9497504884189532,0.9536865066465838,0.6835661552607257,0.7139595718051026,0.9705038651261951,0.8622795991967158,0.9132073926794508,0.9465528415807114,0.9465528415807112,0.286289389444067,0.5668190355161871,0.8211925028973415,0.9177435184351392,0.9405771639323091,0.7635763519375769,0.6818978616824061,0.9284368610385714,0.6455179691043045,0.6498998105123247,0.9044815859945645,0.21129943502824822,0.9098024766396609,0.11058364501547135,0.9377577955910523,0.6031011410825797,0.6337716383218175,0.6031011410825798,0.37013340849528376,0.9323832436893531,0.7584643414925427,0.8240286197618973,0.9350303662073556,0.9536865066465837,0.626971247911219,0.9200652674095471,0.46697799945970253,0.9200652674095471,0.9377577955910523,0.7127446935885215,0.7505799273766527,0.9323832436893531,0.672269400939626,0.9606030433131187,0.9287389100388832,0.9066260214648869,0.7710457263788233,0.9606030433131187,0.953126634784732,0.9497504884189532,0.5459201549587758,0.9200652674095471,0.7634806799920675,0.46697799945970253,0.9154586905720299,0.6190341675767397,0.9002543831780694,0.9853293717288113,0.9465528415807114,0.31731907876344356,0.9405771639323091,0.9132073926794508,0.9132073926794508,0.8920003104986611,0.683566155260726,0.8760105609706441,0.6663625172668208,0.43286081960518974,0.9200652674095471,0.7478902579551947,0.6665321767143184,0.11058364501547135,0.11058364501547135,0.619034167576739,0.9200652674095471,0.5346240909809961,0.11058364501547135,0.5946269152865283,0.6112283508134988,0.6539767088226534,0.8004148242823929
p14_N,0.9024753244595265,0.9375690585502243,0.9471483577418309,0.9497504884189532,0.0,0.6244598345173304,0.5881708986614057,0.7633556709601599,0.9331473729535124,0.9497504884189532,0.9248075767229555,0.8401916550897515,0.9228052355573535,0.8346064161915088,0.891477466539154,0.9289047415027363,0.7733483673930166,0.9112846170605549,0.3522229196149892,0.700744455960285,0.3797867322334523,0.9075878064231344,0.8612906576421198,0.9375690585502243,0.9228052355573535,0.9075878064231344,0.9553072625698324,0.44181930573332984,0.6071942523158891,0.775769472174419,0.9289047415027363,0.9331473729535124,0.9331473729535124,0.9094290478330764,0.9310059914382828,0.9446407654283917,0.9615093880585166,0.9228052355573535,0.8985549860484474,0.6200538278510993,0.9914227479231204,0.6131296055631501,0.9615093880585166,0.8670452022779731,0.9398605510663072,0.9112846170605547,0.05982819167216802,0.5515389443488383,0.7607751993501795,0.6240185318678274,0.9228052355573535,0.9553072625698324,0.13058659217877122,0.6131296055631503,0.7212317495765181,0.9216296747943739,0.7851742350115087,0.9228052355573535,0.9446407654283917,0.06718764540295197,0.9649597023860708,0.6771460573930408,0.9331473729535125,0.3917597765363129,0.6947973371262925,0.6811796223956779,0.6500598614639082,0.5065444675043478,0.9384288382124761,0.9228052355573535,0.18329176481634246,0.92407320368139,0.9446407654283917,0.9112846170605549,0.7555075945702012,0.9268397399927293,0.7159224228623415,0.7897209407081742,0.7721862355187032,0.7311360444732802,0.7418474923705287,0.7454793882772286,0.9150443603813825,0.9497504884189532,0.3314737295351238,0.9553072625698324,0.19267782916404586,0.903943309824258,0.9691761261772933,0.6048918173630614,0.6732780730795074,0.6584938435551021,0.785174235011509,0.7581595728738366,0.9422149451274664,0.4618467332186059,0.8652931944262372,0.9289047415027363,0.38911182893928964,0.9289047415027363,0.30051300483999144,0.8250702059823147,0.8514475724201107,0.9398605510663072,0.6705172478477242,0.9649597023860708,0.8475048929072095,0.4618467332186059,0.7963643244977223,0.9649597023860708,0.06718764540295197,0.9553072625698324,0.473928539284714,0.9289047415027363,0.6998228432008065,0.38911182893928964,0.9248075767229555,0.6200538278510997,0.9853461197823239,0.9021377745827974,0.18329176481634268,0.9422149451274664,0.26668346366790563,0.9228052355573535,0.9228052355573535,0.903943309824258,0.8827327346742724,0.7236151737365957,0.6010642308315037,0.3522229196149891,0.9289047415027362,0.775769472174419,0.849312263216478,0.9553072625698324,0.9553072625698324,0.6200538278510992,0.9289047415027362,0.9169516563608959,0.9553072625698324,0.905759620625165,0.9021377745827974,0.891477466539154,0.8308283900367339
p14_S,0.9548898503327609,0.8337569528161252,0.8592650078048497,0.8661940420767971,0.6244598345173304,0.0,0.9573532270707098,0.5209290919065017,0.8734099564593224,0.8661940420767971,0.799775283209981,0.4633434771070011,0.7944433870517404,0.5382188414614408,0.7110228320814491,0.8106853406588688,0.8260478020072284,0.8689463355859346,0.8444055571752511,0.18523346212214453,0.7831144772072685,0.7539219447856098,0.8397419739792276,0.8798124340359541,0.7944433870517404,0.7539219447856098,0.8809907926287316,0.8868197857586739,0.9368407235028231,0.6697587335964509,0.8106853406588688,0.8219827512709217,0.8219827512709217,0.9661800377714871,0.816280614157366,0.8525877132198181,0.8975060047385006,0.7944433870517404,0.7298690705395825,0.9616684244353022,0.8284962664906326,0.9302091291753486,0.8975060047385008,0.7014814609370965,0.8398588101584354,0.7637659268072641,0.659008882923473,0.9941028345285079,0.36298478128869993,0.9432189710180041,0.7944433870517406,0.8809907926287316,0.6862785061240726,0.9806048149416684,0.9763079900005834,0.2976703710797395,0.4279552901821232,0.7944433870517404,0.8525877132198181,0.6496914939903458,0.9066936087411768,0.8927956433022468,0.8219827512709219,0.8099158493375569,0.9638307184415161,0.8941775690006495,0.8860339145961525,0.6882279984726696,0.951266937229678,0.7944433870517404,0.7174555730181664,0.9318642864136728,0.8525877132198183,0.7637659268072637,0.5512340050775858,0.8051865905921406,0.7154025713386956,0.96548054933686,0.9446124629805652,0.9114681283913171,0.7283959091500991,0.6015400592348359,0.8099344193464405,0.8661940420767971,0.8298946289922144,0.8809907926287316,0.5858806684341924,0.7442172662083077,0.8520461291744093,0.9767308763008946,0.9820211223045587,0.874937356504683,0.6531602601525297,0.381265993533909,0.8461281636858624,0.7065177317020841,0.6686070875471035,0.8106853406588688,0.8709902311032396,0.8106853406588688,0.7900739841963704,0.523431615546786,0.5846221864393182,0.8398588101584354,0.9068641125764978,0.938210434233046,0.7521288972248346,0.9270717203358829,0.7660972358883242,0.9066936087411768,0.6496914939903458,0.8809907926287314,0.9369670607395109,0.8106853406588685,0.9447225091972398,0.8709902311032396,0.799775283209981,0.9616684244353022,0.7988260630668209,0.965254590795839,0.7174555730181664,0.8461281636858624,0.768569123945753,0.7944433870517404,0.7944433870517404,0.7442172662083077,0.7467200831818832,0.7750297069399599,0.943570442899759,0.8444055571752508,0.8106853406588688,0.6284785752960069,0.6601708621643385,0.8809907926287316,0.8809907926287316,0.9616684244353022,0.8106853406588688,0.9270717203358827,0.8809907926287316,0.6117979136087672,0.7394094309687933,0.7418141314551072,0.9598206103233294
p19_L,0.96811033056065,0.8484057070108633,0.8716660816674149,0.6539767088226534,0.5881708986614057,0.9573532270707098,0.0,0.4253822076422964,0.7960456752177916,0.6539767088226535,0.8591067375025458,0.6393168737072417,0.8534094256481797,0.6255145852136574,0.5831600831600825,0.8273670843896692,0.7663113902337035,0.9321393986997257,0.4534967911844987,0.9092770392885023,0.6771150055525417,0.9016116334746233,0.8363872961127911,0.5700941332154221,0.8534094256481797,0.9016116334746234,0.5881708986614063,0.3642425553342816,0.2354358830885177,0.7456015630579369,0.8273670843896692,0.8376690068059971,0.7960456752177916,0.9618876816267943,0.6320052628849333,0.4898825819286491,0.7947018455938264,0.8534094256481797,0.8751216599841023,0.2523167889873522,0.86389836433995,0.09188425285539681,0.6453214764344708,0.7063673435905273,0.9039838654603796,0.8214713832071269,0.5619639966964505,0.28644340857714123,0.7850943191252107,0.4898825819286491,0.9351156474180469,0.5881708986614063,0.5881708986614057,0.2795626224071084,0.38844614915368614,0.9641173466399853,0.6626599257460819,0.8534094256481798,0.8655771668595766,0.6158407262887591,0.6771150055525417,0.623460042205282,0.8834546715530236,0.5881708986614056,0.8922426132952723,0.2917821108615972,0.20975719605192333,0.8199387407469978,0.88462984058859,0.8534094256481797,0.6849560877141136,0.9460676392328964,0.7047293323325736,0.29318449285208203,0.5127402564734655,0.8649426267697784,0.9605126405130506,0.6210285501293977,0.5326073555055382,0.992711912405789,0.46208035519295954,0.9236627721698247,0.7497682931810746,0.6539767088226534,0.7502600104707648,0.5881708986614063,0.6510176447315928,0.2896148568042385,0.3158952354160345,0.6041579233652663,0.570094133215423,0.7959322823015869,0.6100033365261466,0.7846521213280626,0.9114394068151084,0.7375352711548958,0.949522539295225,0.8273670843896692,0.3684416594141573,0.8273670843896692,0.5973059571306119,0.8968186870850086,0.8039549290234111,0.8539698900873742,0.17235470512141093,0.996509351411379,0.6851964105355299,0.35076691580395514,0.6899371322397274,0.914915440652359,0.6158407262887591,0.9565214208890842,0.2932480085455723,0.8709330158594828,0.6625436951975097,0.3684416594141574,0.8174183829344703,0.11581031062819702,0.9690287371972583,0.7968989383335447,0.5619639966964505,0.46752943347583953,0.5129892329942922,0.8534094256481797,0.8534094256481798,0.8138533010726183,0.5089932675818811,0.9569154166717719,0.09493428242848789,0.3642425553342816,0.8273670843896692,0.5610075752768058,0.856886992270678,0.5881708986614063,0.5881708986614063,0.7300894632443966,0.8273670843896692,0.7375352711548955,0.5881708986614063,0.8041001775016006,0.20181282765082909,0.2591822591822588,0.6283203001441319
p19_V,0.993935583687536,0.7758080064122176,0.8681499275214296,0.8296147953814452,0.7633556709601599,0.5209290919065017,0.4253822076422964,0.0,0.7209010924683568,0.7339330138088638,0.7845244145739387,0.7803207566798422,0.8074206429194557,0.8117811819171761,0.8492619992434423,0.735194108587222,0.8356784029688724,0.836268308473723,0.6711751849524514,0.5639733517086953,0.8144645373051724,0.9614194035307382,0.9076405124205553,0.7883102064327083,0.8074206429194557,0.9614194035307382,0.7633556709601601,0.6346824606712098,0.5780945700353599,0.8909121236726529,0.735194108587222,0.7174974472545559,0.7957812871719684,0.996183827624455,0.7441606335149341,0.7068774553846291,0.9183475199487527,0.8074206429194557,0.9576483470893038,0.5560377126212621,0.9545841633462202,0.5162022211652477,0.7961954097920865,0.5336996052288556,0.8685587481249324,0.7457722701030418,0.7482967188085228,0.5839439135422118,0.7916713302402778,0.7068774553846293,0.8074206429194557,0.7633556709601601,0.7633556709601601,0.5417804469617131,0.659181482203266,0.4736827822406966,0.3720808886472431,0.8074206429194557,0.7660656615088868,0.7792552462263083,0.8144645373051724,0.7985835922944267,0.7549375446063616,0.7633556709601601,0.9397902574069216,0.6328210974543123,0.5426261118682965,0.936715141438877,0.9717374762182605,0.8074206429194557,0.7482967188085226,0.9997310862380433,0.8386416761612503,0.6207554613021897,0.31490790540483315,0.7953231412009798,0.903130558995336,0.6711111702945274,0.6798604902972012,0.995716498860439,0.48211002044830775,0.7264044625787307,0.9545841633462202,0.8296147953814454,0.9455416765791914,0.7633556709601601,0.7068774553846291,0.6342821613016008,0.6445295322375839,0.834334251086893,0.7090589724045127,0.9678504758308901,0.5012567674403843,0.45591628339253687,0.8827729749840589,0.8132821465652853,0.5242384320228948,0.735194108587222,0.6474492322961369,0.735194108587222,0.7068774553846293,0.6654337633675571,0.49359696998381297,0.7458656660917993,0.5523030318191495,0.9479073508587599,0.6505017546401545,0.6551470080132393,0.9988480406282307,0.8519284288108586,0.7792552462263083,0.9707038871501159,0.6123849838706703,0.7708190738348404,0.7603654111662808,0.6474492322961372,0.7845244145739387,0.4723191098584154,0.8362683084737231,0.8123286048972043,0.7482967188085228,0.6940329385684314,0.7201549482087484,0.8074206429194557,0.8074206429194557,0.9656136591278145,0.8358143118698143,0.9935432577072121,0.5108694437132284,0.6346824606712103,0.735194108587222,0.4621714004326153,0.7714256783979626,0.7633556709601601,0.7633556709601601,0.9746307264355007,0.735194108587222,0.7816551188548759,0.7633556709601601,0.501005026141802,0.5665289015767279,0.5843371294927264,0.744088395080583
p25_E,0.9376390435537676,0.9066140790452963,0.9209430584957905,0.41371609815779387,0.9331473729535124,0.8734099564593224,0.7960456752177916,0.7209010924683568,0.0,0.4137160981577943,0.8875251032023654,0.9296924347450355,0.8845299461620748,0.9825774453539844,0.7960456752177916,0.8936537550755842,0.9593161897827513,0.8672970878500332,0.8967968625769327,0.8877283826287947,0.9475857581639041,0.9631379457932725,0.7594373878376561,0.5455218513537754,0.8845299461620748,0.8617672967247724,0.33147372953512444,0.598654465576961,0.8135985933511853,0.9627322003750034,0.8936537550755842,0.8999999999999999,0.5176470588235287,0.8785364960069495,0.535585881596198,0.47555017489980966,0.9424246830050252,0.8845299461620748,0.8482557553332788,0.8509288015000138,0.643201312513261,0.8191589416860952,0.424246830050252,0.8423990045017694,0.9100417566360205,0.8672970878500332,0.9288931805290033,0.8509288015000138,0.982960045585225,0.47555017489980966,0.8845299461620748,0.33147372953512444,0.9331473729535124,0.8191589416860952,0.893653755075584,0.6645461671039015,0.7530738166055155,0.8845299461620748,0.9171921328789174,0.9376390435537676,0.4758575816390409,0.6365651449260175,0.8999999999999998,0.9331473729535124,0.9304334407000066,0.8245883961385938,0.8548094632188348,0.8645214763154442,0.8830478236621819,0.8845299461620748,0.9288931805290033,0.9288931805290034,0.39964296337215055,0.7156366168214991,0.7094759810145177,0.8905648689670834,0.9209430584957905,0.72266259264207,0.8483506925904012,0.8905648689670835,0.8501091905928828,0.5342219922083342,0.8729210154156819,0.41371609815779387,0.8999999999999997,0.33147372953512444,0.9171921328789174,0.7485525771625146,0.7297903683561355,0.7485525771625148,0.5455218513537756,0.9100417566360206,0.9391140917657436,0.7508692026173415,0.9135635240895599,0.9304334407000066,0.626855280966963,0.8936537550755842,0.6279205544880835,0.8936537550755842,0.9171921328789174,0.6557042082397713,0.705414605048728,0.9100417566360205,0.8135985933511853,0.9371029097966852,0.8503051885155472,0.8757740012500115,0.9560016661775431,0.9475857581639041,0.9376390435537676,0.9331473729535125,0.6969654982989333,0.8936537550755842,0.6300130778248441,0.6279205544880839,0.8875251032023653,0.7632398612059048,0.8672970878500332,0.9024099927051467,0.9288931805290033,0.5013280235936142,0.9209430584957906,0.8845299461620748,0.8845299461620748,0.85631575837858,0.7807354951732426,0.9711324865405189,0.8078990548245,0.598654465576961,0.8936537550755843,0.7763932022500205,0.8318423069597388,0.33147372953512444,0.33147372953512444,0.7632398612059046,0.8936537550755843,0.6869504831500288,0.33147372953512444,0.7408019621432598,0.7560249817628661,0.7044743457237386,0.6429546602046865
p27_T,0.7964356710651224,0.9298068434430109,0.9405771639323091,0.21129943502824833,0.9497504884189532,0.8661940420767971,0.6539767088226535,0.7339330138088638,0.4137160981577943,0.0,0.9907407137293176,0.8697336186695763,0.9392451748756154,0.911997608337877,0.712481551001825,0.9200652674095471,0.7928216900028979,0.9002543831780692,0.9969833022319425,0.8603224575097606,0.9606030433131187,0.8448395868803351,0.6918862440120503,0.37013340849528376,0.9392451748756154,0.9743708246186268,0.11058364501547158,0.4328608196051895,0.5583556053554433,0.7478902579551948,0.9200652674095471,0.9248353971997172,0.4137160981577941,0.8981681057928164,0.43286081960518974,0.2862893894440671,0.9567237416697234,0.9392451748756154,0.9921788828267866,0.9887951225757865,0.5459201549587755,0.6780005738856636,0.2340102275541065,0.8505145571284896,0.8869834215950616,0.9665139714954947,0.9465528415807112,0.9887951225757865,0.789948569527277,0.2862893894440671,0.9132073926794508,0.11058364501547158,0.9497504884189532,0.5650289178192827,0.9200652674095471,0.8104864126761298,0.9010975040427358,0.9392451748756154,0.9377577955910523,0.953126634784732,0.3026738666422023,0.49819056817445484,0.9248353971997172,0.9497504884189532,0.9066260214648869,0.6835661552607258,0.606550816639549,0.8981681057928164,0.9170747373886607,0.9392451748756154,0.9465528415807114,0.8313445223213556,0.2862893894440671,0.5668190355161873,0.8211925028973417,0.9946533286982842,0.9405771639323091,0.8111153005264728,0.6818978616824056,0.9177435184351392,0.7482902788368548,0.7521947096282549,0.9044815859945645,0.21129943502824833,0.9248353971997173,0.11058364501547158,0.9377577955910523,0.6031011410825797,0.6337716383218176,0.5399888225302351,0.370133408495284,0.9323832436893531,0.8535531165260049,0.8240286197618978,0.8780569950353443,0.9536865066465839,0.731868054889568,0.9200652674095471,0.46697799945970253,0.9200652674095471,0.8682540006677274,0.8095316166496864,0.8457667714186239,0.9323832436893531,0.6722694009396256,0.7447077206690103,0.8786418279985493,0.9066260214648869,0.8186173365645566,0.9606030433131187,0.953126634784732,0.815333044939653,0.5459201549587759,0.9200652674095471,0.7634806799920677,0.46697799945970253,0.9339772631133947,0.5574073417435645,0.9668702058412872,0.9853293717288113,0.9465528415807112,0.3173190787634438,0.9405771639323091,0.9392451748756154,0.9392451748756154,0.8920003104986611,0.683566155260726,0.8760105609706439,0.666362517266821,0.43286081960518974,0.9200652674095471,0.8431317160610101,0.7671103750279031,0.11058364501547158,0.11058364501547158,0.6190341675767388,0.9200652674095471,0.5346240909809967,0.11058364501547158,0.5946269152865284,0.6112283508134996,0.6539767088226534,0.8004148242823929
p31_M,0.6240091696117338,0.1697176559963951,0.8009903319853989,0.9154586905720299,0.9248075767229555,0.799775283209981,0.8591067375025458,0.7845244145739387,0.8875251032023654,0.9907407137293176,0.0,0.5294837493043684,0.025938820852154487,0.5453727917032771,0.8174183829344701,0.05448906420643962,0.7022028546407886,0.19989876715206134,0.8839223776914842,0.7909891545854375,0.9410471355875887,0.18633656050484515,0.8538908231278235,0.8949642817826766,0.025938820852154487,0.18633656050484515,0.9248075767229555,0.8839223776914842,0.849161409025334,0.732530134839372,0.05448906420643962,0.11091272055203127,0.8875251032023654,0.8476206703028368,0.8839223776914843,0.90686193691524,0.9352422216289913,0.025938820852154487,0.25878640705836675,0.9201582492057827,0.8570680432373059,0.8056392415695222,0.9352422216289912,0.9606085428802935,0.26454896857519783,0.19989876715206112,0.9200226781839163,0.9201582492057827,0.7198161409185095,0.90686193691524,0.1310755830458903,0.9248075767229555,0.9248075767229555,0.886138603311492,0.8803871707731037,0.7525227688863507,0.6499841474737793,0.025938820852154487,0.2637657870442782,0.9298595785950823,0.9410471355875885,0.9200226781839163,0.4054898312125025,0.9248075767229555,0.8602769361101197,0.9624201865877731,0.9852659031815446,0.8476206703028368,0.3861380816867762,0.025938820852154487,0.9200226781839163,0.5260603151639485,0.90686193691524,0.8507425365118693,0.692454973622343,0.08182921473664795,0.911080786631774,0.6762904887586944,0.8048769365787577,0.8769129493103709,0.8347391800090755,0.7585225259326915,0.5554973212764572,0.9339772631133949,0.8875251032023654,0.9248075767229555,0.90686193691524,0.8383912975218439,0.9122474091809787,0.5769796016978035,0.9573188192640716,0.8988195586153993,0.9887676072170674,0.689082490588647,0.3646912185231097,0.9406509652429651,0.7733651656753548,0.05448906420643962,0.8769129493103709,0.05448906420643962,0.9549093504113464,0.7056927842897034,0.6610484932556453,0.2001927014360132,0.9709174515243091,0.8489683759339173,0.7434375851755401,0.8602769361101199,0.6307502450561352,0.533991643216176,0.9298595785950823,0.4893181252434067,0.8570680432373061,0.054489064206439286,0.5669271556210373,0.8769129493103709,0.05364314400459014,0.832332323332144,0.1524308323352579,0.2316501800721682,0.9200226781839163,0.9027806629242201,0.911080786631774,0.025938820852154487,0.025938820852154487,0.30715078595302514,0.8027059795858085,0.8144645373051722,0.8115174695070131,0.8839223776914842,0.05448906420643951,0.6646646466642875,0.7464783600559157,0.9248075767229555,0.9248075767229555,0.3333213808682858,0.05448906420643951,0.8602769361101199,0.9248075767229555,0.8414471141577766,0.8797820009636723,0.8591067375025461,0.7500992769046881
p32_V,0.8562527728750134,0.6093386644806431,0.9999999999999998,0.8203222326476918,0.8401916550897515,0.4633434771070011,0.6393168737072417,0.7803207566798422,0.9296924347450355,0.8697336186695763,0.5294837493043684,0.0,0.5514573864274692,0.1253946980543983,0.6119547055057222,0.5551217394986956,0.4509262912844688,0.6006418800490771,0.7532973151577618,0.40077112902651835,0.8747059972418529,0.6943435888546594,0.9741225415246619,0.8176913767576333,0.5514573864274692,0.6943435888546594,0.8401916550897517,0.7532973151577618,0.6198001068983318,0.33184689521893773,0.5551217394986956,0.581669986732962,0.8382925999135818,0.891117508778128,0.7532973151577618,0.8020513362778425,0.8623686678722189,0.5514573864274692,0.7642202187142457,0.7012962590390548,0.9824744109976529,0.5869202006452983,0.8623686678722189,0.7465985510626845,0.6659179302883504,0.6629530760697888,0.8300221900989777,0.7012962590390548,0.6374737898743856,0.8020513362778425,0.6204639423617049,0.8401916550897517,0.8401916550897515,0.7190096713691855,0.7457838511421111,0.4352293937347669,0.6988023795942535,0.5514573864274692,0.6535898384862242,0.850928801500014,0.8747059972418529,0.8819598542354012,0.7750157911841142,0.8401916550897517,0.970304306454175,0.7117216699014726,0.7442629087245758,0.9218279550201944,0.541040605744542,0.5514573864274692,0.9338975183718246,0.8064141609460581,0.8020513362778425,0.6827793657127421,0.8222934831202804,0.5781700016873195,0.9527544408738464,0.7736223194156318,0.8756502342174393,0.93787000024852,0.9737823731200475,0.7477402372682821,0.8860836714847438,0.9191450046914611,0.7609542781331209,0.8401916550897517,0.938141042586826,0.6565289674071262,0.8000709681257188,0.9597494883680227,0.899544228009308,0.8694391911471715,0.6765663136582591,0.6736786230158425,0.7258275740778506,0.970304306454175,0.7948431079392481,0.5551217394986956,0.7384000010463998,0.5551217394986956,0.8927778071504981,0.561739527889697,0.6964681966053178,0.6236776686006704,0.6997147341107843,0.8496471966902235,0.6187310199694112,0.7030430645417503,0.3709658098031632,0.7807354951732426,0.850928801500014,0.775269514969963,0.6962231239593171,0.5551217394986953,0.682289294851592,0.7384000010463996,0.5646924483360143,0.6436516774501007,0.6629530760697886,0.4751093408321757,0.8300221900989777,0.7933773022035977,0.8110177634953863,0.5514573864274692,0.5514573864274692,0.7826472371873223,0.659307428065377,0.9852128808712353,0.5994133460548368,0.7532973151577619,0.5551217394986954,0.9777282298406313,0.6450657126613732,0.8401916550897517,0.8401916550897517,0.8087247974548337,0.5551217394986954,0.970304306454175,0.8401916550897517,0.7690080931752117,0.6792334860641076,0.6666790419087614,0.8508443788514213
p35_I,0.5473768401111969,0.19125420097421197,0.8091269875360785,0.9132073926794508,0.9228052355573535,0.7944433870517404,0.8534094256481797,0.8074206429194557,0.8845299461620748,0.9392451748756154,0.025938820852154487,0.5514573864274692,0.0,0.5332662690710528,0.8125563147632462,0.07901450298374157,0.7259638975598051,0.22289422775797574,0.9371053986513325,0.7854232876856719,0.9394772467331198,0.16466906092388855,0.8500000000000001,0.8921672267965615,0.0,0.16466906092388855,0.9228052355573535,0.8808312816551565,0.8830229322760673,0.7554934756182183,0.07901450298374157,0.1339745962155614,0.8845299461620748,0.8435628757626168,0.8808312816551565,0.9043817112532484,0.9335177504685466,0.0,0.23904821503092677,0.9569668517088064,0.8532618280837989,0.8004635000436893,0.9335177504685466,0.9718361261123588,0.22093875966970866,0.17637733294067148,0.9178929172744039,0.9569668517088064,0.710762145310532,0.9043817112532484,0.15454545454545432,0.9228052355573535,0.9228052355573535,0.9187932849015015,0.8772019337311654,0.7459325590512145,0.6406633792423271,0.0,0.28286283439936377,0.9279917700176905,0.9394772467331198,0.9178929172744039,0.4226497308103737,0.9228052355573535,0.856556172362688,0.9539663924052877,0.9580871022528039,0.843562875762617,0.4080538853626575,0.0,0.9178929172744039,0.461742457687759,0.9043817112532484,0.8467678758959387,0.6842651848144568,0.05226396459015403,0.9087129070824722,0.6992852765079771,0.830998935307111,0.8736351952786872,0.8269210016795003,0.7520920869892751,0.5710730359372588,0.9392451748756157,0.8845299461620748,0.9228052355573535,0.9043817112532484,0.8340877288431319,0.9059013819753308,0.5489260127922652,0.9532724649451767,0.8961251679559612,0.9726591701597422,0.680802894040641,0.3166973977710963,0.8995893206538816,0.7673299797011557,0.07901450298374157,0.8736351952786874,0.07901450298374157,0.8924294251599045,0.6978555125584927,0.6520223636867595,0.22093875966970877,0.9625673383283415,0.751856711605791,0.7715875307747826,0.856556172362688,0.6541358747612755,0.5460793504983978,0.9279917700176905,0.4210392666801509,0.8532618280837991,0.07901450298374124,0.5872932254972909,0.8736351952786874,0.025938820852154487,0.8709005551264195,0.17637733294067148,0.2111893622533837,0.9178929172744039,0.9001917547306095,0.9087129070824722,0.0,0.0,0.32857377766204965,0.7974521265832668,0.8095238095238093,0.8064982626061741,0.8808312816551565,0.07901450298374146,0.6557348136704516,0.7397271902716861,0.9228052355573535,0.9228052355573535,0.3545027756320973,0.07901450298374146,0.856556172362688,0.9228052355573535,0.8372249205322677,0.8745073985403111,0.8534094256481799,0.7418243808481497
p35_W,0.8059844336674511,0.6225310558475812,0.9917357566989762,0.911997608337877,0.8346064161915088,0.5382188414614408,0.6255145852136574,0.8117811819171761,0.9825774453539844,0.911997608337877,0.5453727917032771,0.1253946980543983,0.5332662690710528,0.0,0.5983926748476445,0.5701450028461514,0.4911883149608314,0.6180206494697242,0.7820348921310609,0.4759112523677169,0.8703270210481231,0.6814533477245788,0.9921205153183691,0.8906641679006788,0.5332662690710528,0.6814533477245788,0.834606416191509,0.7446751532021044,0.6317516820663656,0.32862351512963284,0.5701450028461514,0.5957967322124409,0.7525997240265803,0.9083520651027623,0.7446751532021043,0.7951331082147393,0.8575585068618614,0.5332662690710528,0.7539025582096192,0.7169050798805803,0.8685200532975004,0.5724832238733408,0.8575585068618614,0.6791322599597849,0.6363858406785106,0.4636104926405811,0.8240815323928334,0.7169050798805803,0.6476633655393993,0.7951331082147393,0.6358672185425025,0.834606416191509,0.8346064161915088,0.8867143557528769,0.736899096569627,0.5336998549186085,0.689896289470856,0.5332662690710528,0.665287895111405,0.8457188216523571,0.8703270210481232,0.8755631496738039,0.7874448333186115,0.8346064161915088,0.8540372980668676,0.6959162337448539,0.7514344924118509,0.9090032049599364,0.5896262154002849,0.5332662690710528,0.9270447669547744,0.7640655293594021,0.7951331082147393,0.6716926291162182,0.8969801160895833,0.5576596242573546,0.96143353126189,0.8084907324511854,0.9209822280895086,0.77158458183634,0.9518468415053604,0.7249761278210314,0.9003681751023804,0.911997608337877,0.9825774453539844,0.834606416191509,0.9300278573832033,0.6445247896982916,0.7297905502115419,0.9458651308255321,0.8906641679006786,0.9867898796798227,0.6458146521702485,0.6387281205038988,0.6939457967430205,0.9187941788770595,0.7447654690220795,0.5701450028461514,0.7292571838126913,0.5701450028461514,0.9300278573832033,0.548072087361064,0.6644452569585628,0.6363858406785106,0.6845602982117562,0.9247531446082065,0.667906258424829,0.6926645362617921,0.40833100705262115,0.7881399217124265,0.8457188216523571,0.7297794968762679,0.6856062414341775,0.570145002846151,0.7551727072710773,0.7292571838126913,0.5453727917032771,0.6597666556362939,0.6797847122013814,0.4372115452151224,0.8240815323928334,0.7861559200558726,0.8044129085424407,0.5332662690710528,0.5332662690710528,0.7995758167268983,0.6179852182724296,0.9949705416925759,0.5854129998089129,0.7446751532021043,0.5701450028461512,0.8987091570214919,0.6251183853362321,0.834606416191509,0.834606416191509,0.8259875261651275,0.5701450028461512,0.9835510596872508,0.834606416191509,0.7857724226245224,0.666747621940072,0.6526364955796707,0.7353509417743187
