,p1_P,p1_Q,p14_N,p19_L,p19_V,p24_Y,p25_E,p27_T,p31_M,p32_V,p35_I,p35_W,p36_M,p36_VIF,p37_Y,p39_I,p41_G,p42_IVL,p49_C,p49_I,p52_T,p56_G,p56_V,p60_V,p60_Y,p64_T,p69_R,p84_T,p87_C,p87_V,p88_I,p93_V,p94_T,p96_T,p96_Y,p97_C,p98_C,p98_S,p100_V,p100_Y,p103_M,p104_S,p104_V,p108_L,p108_T,p109_G,p110_R,p111_T,p111_V,p112_M,p112_V,p122_Q,p123_V,p124_S,p133_I,p133_V,p150_G,p153_S,p154_G,p154_M,p157_V,p158_GVMTF,p158_L,p162_V,p165_L,p165_S,p166_S,p169_V,p179_L,p185_T,p185_V,p195_N,p205_M,p209_S,p209_V,p210_V,p213_C,p213_F,p218_L,p218_T,p228_L,p228_M,p248_R,p255_L,p259_F,p259_L,p261_Y,p263_L,p269_G,p271_Y,p273_G,p277_F,p277_L,p279_R,p282_S,p284_S,p284_T,p286_L,p286_M,p286_Q,p287_S,p287_T,p288_M,p289_S,p290_V,p292_S,p295_S,p301_Y,p303_P,p304_V,p315_N,p315_S,p319_N,p319_SQ,p320_T,p322_F,p326_S,p332_GAP,p333_S,p334_S
p1_P,0.0,0.9284007507380592,0.8211108387818535,0.9808501263724603,0.9861777300900887,0.7631872398855784,0.9105254620732816,0.851948051948052,0.4719826624036775,0.7535938239955287,0.4719826624036775,0.7703178005288334,0.6003470639273241,0.5067333760537776,0.8653906416191708,0.6516807427989942,0.8648593805956661,0.9422938189618881,0.5021405381367823,0.9613141028350668,0.4719826624036775,0.6516807427989941,0.9422938189618884,0.9162145178446348,0.9322084144690397,0.6003470639273241,0.6003470639273241,0.9422938189618884,0.4719826624036775,0.7053141282021524,0.9887465769818866,0.9672491250806514,0.9350649350649352,0.28878079066471996,0.5524627775179403,0.9422938189618884,0.8211108387818535,0.8788800765913947,0.9284007507380592,0.6277287835651827,0.9422938189618884,0.9503422861799105,0.9242510827458821,0.9480920814829101,0.8408432859833619,0.4129264572003397,0.9350649350649349,0.9503422861799105,0.9350649350649349,0.9422938189618881,0.9162145178446348,0.9543444423975165,0.6260212039966171,0.939221025888193,0.6152248084245191,0.5791726819215675,0.5021405381367823,0.9422938189618881,0.0,0.9350649350649349,0.8653906416191708,0.8954587132125955,0.6003470639273241,0.8653906416191708,0.9675940433527633,0.9050328529503018,0.8165060391456065,0.8214580898069153,0.851948051948052,0.9350649350649349,0.851948051948052,0.8745335346650265,0.8944930077320006,0.9221501055838477,0.9490352808562375,0.9299057685908629,0.950761152123418,0.39674452848137065,0.6003470639273241,0.926432046593587,0.6277287835651827,0.8211108387818535,0.7745698634367617,0.8758946346126357,0.7402650053183679,0.9073727508263107,0.9350649350649349,0.9801786875687336,0.9422938189618881,0.9503422861799105,0.21298701298701306,0.9120252437368666,0.6003470639273241,0.926432046593587,0.5021405381367823,0.8696810950666904,0.38454254510333663,0.5932691394881875,0.9503422861799105,0.9422938189618884,0.9503422861799105,0.4719826624036775,0.5021405381367823,0.73965708442993,0.8456966500379082,0.8648593805956661,0.9808501263724603,0.9120252437368666,0.6003470639273241,0.8593688437695846,0.8214580898069151,0.9422938189618884,0.9422938189618884,0.5067333760537776,0.6003470639273241,0.9162145178446348,0.9422938189618884,0.9105254620732814,0.8794276105202137,0.8794276105202137
p1_Q,0.9284007507380592,0.0,0.9363715237024222,0.8456966500379082,0.7575322835818359,0.6976545975506301,0.9013428299483736,0.9284007507380592,0.2460629650749484,0.609800513714146,0.2460629650749484,0.6300782444040931,0.199780731803475,0.9452459925444261,0.832793830463606,0.28615871652696434,0.8509901098301826,0.9363715237024222,0.28615871652696423,0.883664989850578,0.2460629650749484,0.28615871652696423,0.9363715237024222,0.9076157446308422,0.8245688375051095,0.199780731803475,0.199780731803475,0.9363715237024222,0.2460629650749484,0.5499809309913681,0.8670534544455459,0.8351406592172794,0.928400750738059,0.7192982456140353,0.35267601613954436,0.9363715237024222,0.9363715237024222,0.8563066693289064,0.9210526315789473,0.2460629650749484,0.9363715237024222,0.9452459925444261,0.8298607381553198,0.8192574300613666,0.7120855390187819,0.35267601613954436,0.09307617601541496,0.9452459925444261,0.9284007507380592,0.9363715237024222,0.30326874075760046,0.9669477519937163,0.9091826948272768,0.8952865229270761,0.5757359312880714,0.5359838313326908,0.28615871652696423,0.9363715237024222,0.9284007507380592,0.9284007507380592,0.7388835160664533,0.9141604924721047,0.199780731803475,0.7388835160664531,0.7388835160664532,0.8952865229270761,0.797674340444372,0.8031346123330869,0.9284007507380592,0.9284007507380592,0.9284007507380592,0.8616571072267849,0.45387175790965695,0.9141604924721047,1.0,0.8031346123330867,0.6983769224761822,0.6189149466022233,0.199780731803475,0.9013428299483737,0.2460629650749484,0.9363715237024222,0.7514343205002516,0.17982456140350878,0.14544563783528885,0.8404165013572857,0.9284007507380592,0.8725093337963903,0.1940393002306814,0.9452459925444261,0.8758946346126357,0.9076157446308419,0.199780731803475,0.9013428299483737,0.28615871652696423,0.8563066693289065,0.32137910746170373,0.40617209652343855,0.9452459925444261,0.9363715237024222,0.9452459925444261,0.2460629650749484,0.28615871652696434,0.4293355673104886,0.82986073815532,0.8509901098301826,0.8456966500379082,0.907615744630842,0.199780731803475,0.7324118328987945,0.8031346123330867,0.9363715237024222,0.9363715237024222,0.9452459925444261,0.199780731803475,0.9076157446308419,0.9363715237024222,0.9013428299483737,0.8670534544455459,0.8670534544455459
p14_N,0.8211108387818535,0.9363715237024222,0.0,0.587640344080608,0.7375795951827127,0.9833855559911274,0.9204861981879305,0.9422938189618881,0.9156050527430277,0.8369334698432571,0.9156050527430277,0.8279947709615547,0.9204861981879304,0.7425774607095988,0.7563214878698694,0.9108646729031871,0.7097677212282797,0.26282051282051233,0.9108646729031871,0.7734098383797273,0.9156050527430277,0.9108646729031871,0.9487179487179487,0.5020615959853528,0.6373023162322657,0.9204861981879304,0.9204861981879305,0.9487179487179487,0.9156050527430277,0.8586093775142731,0.9607117800081068,0.6140438509854406,0.9422938189618882,0.9363715237024222,0.901705362563402,0.9487179487179487,0.0,0.5571925572299521,0.62883388826413,0.9156050527430277,0.9487179487179487,0.1394732258006588,0.6260212039966171,0.7723884247721158,0.7790021519560681,0.9432915553250396,0.9422938189618881,0.1394732258006588,0.9422938189618881,0.7884615384615383,0.925541920895006,0.6373023162322657,0.6676543231585712,0.39235637974979976,0.9730047237600492,0.9906505300999155,0.9108646729031871,0.26282051282051244,0.8211108387818535,0.9422938189618881,0.7563214878698696,0.9308167304449639,0.9204861981879304,0.7563214878698694,0.8698535219304986,0.738375663503386,0.804902544276754,0.7972604106166211,0.9422938189618881,0.9422938189618881,0.11132481201307887,0.8885010653323879,0.6132340344757412,0.6639669764469676,0.7735445931710809,0.6767919589540334,0.42467197964784387,0.925541920895006,0.9204861981879304,0.3550547186354366,0.9156050527430277,0.26282051282051255,0.7996658310117468,0.9363715237024222,0.8836592513984469,0.7331175914067346,0.9422938189618881,0.5009165910549132,0.9487179487179487,0.1394732258006588,0.9422938189618881,0.31126276827880583,0.9204861981879304,0.3550547186354366,0.9108646729031871,0.6968472122574287,0.9335856422837131,0.8928503091130187,0.1394732258006588,0.9487179487179487,0.1394732258006588,0.9156050527430277,0.9108646729031871,0.8885010653323879,0.8628744414654264,0.8465438526034582,0.587640344080608,0.31126276827880583,0.9204861981879305,0.7622149103719049,0.8413342343956164,0.9487179487179487,0.9487179487179487,0.7425774607095988,0.9204861981879305,0.925541920895006,0.9487179487179487,0.9204861981879306,0.8928503091130184,0.8928503091130184
p19_L,0.9808501263724603,0.8456966500379082,0.587640344080608,0.0,0.3636128048652143,0.8953843871265295,0.8229606149356239,0.6567753419064024,0.795336556218609,0.6045526573321736,0.795336556218609,0.5828757091792978,0.8071736634012208,0.9530626290319756,0.9886902040136789,0.8686496819210954,0.9182480880686712,0.7218208670385053,0.8686496819210954,0.7367204005023629,0.795336556218609,0.8686496819210954,0.5876403440806075,0.49869213026629156,0.12043363466518597,0.8071736634012208,0.8071736634012208,0.5876403440806075,0.795336556218609,0.7638274077022487,0.8860327925281103,0.06403028648853559,0.6567753419064024,0.8456966500379082,0.7616288692999282,0.5876403440806075,0.587640344080608,0.2826588670959893,0.4883625764414844,0.795336556218609,0.5876403440806075,0.645153475481735,0.22354591911495114,0.9721108159777112,0.5797143676852154,0.919899579562324,0.860058615798748,0.645153475481735,0.6567753419064024,0.5876403440806077,0.8194341322286169,0.18477301196889218,0.19403930023068228,0.851349709253516,0.6990890145166841,0.7326961360887538,0.7838408151299916,0.7218208670385053,0.9808501263724603,0.6567753419064024,0.4670258641446172,0.8322259014384279,0.8071736634012208,0.5249885685745128,0.5829512730044086,0.9719934234825465,0.3592563733464922,0.9542470045105178,0.6567753419064024,0.6567753419064024,0.6567753419064026,0.176370388113525,0.6549441612644602,0.5471360798225231,0.6242523465395482,0.8927429777869516,0.5376882505411777,0.8194341322286169,0.8071736634012208,0.4530948932724682,0.795336556218609,0.7218208670385055,0.8451613942024734,0.8456966500379082,0.9168446661579157,0.23500606048755457,0.8600586157987478,0.2505814520336821,0.8756375640878022,0.645153475481735,0.860058615798748,0.4012815963369928,0.8071736634012208,0.4530948932724682,0.7838408151299916,0.0687607838300659,0.8543984033081249,0.740154766964092,0.645153475481735,0.5876403440806075,0.645153475481735,0.795336556218609,0.7838408151299916,0.7598488172685227,0.5497202768637939,0.8484183299606611,0.0685045948203844,0.4012815963369929,0.8071736634012208,0.4812313386916234,0.8612409153187837,0.5876403440806075,0.5876403440806075,0.9530626290319756,0.8071736634012208,0.7909237320541883,0.5876403440806075,0.8229606149356239,0.21317039961407436,0.21317039961407436
p19_V,0.9861777300900887,0.7575322835818359,0.7375795951827127,0.3636128048652143,0.0,0.8130779195301212,0.750865353367711,0.7047060519246215,0.7537446952657461,0.9454694843439853,0.7537446952657461,0.9900120874237537,0.6969984027445131,0.9055080334606467,0.6924830289043933,0.8050228106594963,0.6832786801282071,0.8520395589859975,0.8050228106594962,0.7992343501922892,0.7537446952657461,0.8050228106594962,0.7375795951827127,0.7020773475497151,0.44112639284795707,0.6969984027445131,0.6969984027445131,0.7375795951827127,0.7537446952657461,0.989960354362538,0.9743346046894825,0.43305318585700814,0.8077447912530513,0.852210153802262,0.6929354653762689,0.7375795951827127,0.7375795951827127,0.529012224513183,0.6744004950956086,0.6783979229216834,0.7375795951827127,0.7741802155584947,0.5208904978213955,0.5797046870483933,0.35515224329763695,0.8279450730928692,0.7801002514332287,0.7741802155584947,0.8077447912530515,0.7375795951827127,0.7162641405235384,0.4960097889994155,0.4753225603173439,0.9448682153580028,0.8569612416644419,0.866989429990076,0.7326783331666397,0.7375795951827127,0.9861777300900887,0.8077447912530515,0.36808277312118387,0.910686832994513,0.6969984027445131,0.6153022989039271,0.6647462040604757,0.9797850122979345,0.4775215709237648,0.7127234589486129,0.8077447912530515,0.8077447912530515,0.7047060519246213,0.4916534359701932,0.8689919064814091,0.6459755187372864,0.6301647454588466,0.5553291847868282,0.7609103243833639,0.7993582136559307,0.6969984027445131,0.6719887470980286,0.6783979229216834,0.7375795951827127,0.5710366973745435,0.757532283581836,0.7993582136559307,0.571493288541616,0.8831389907616587,0.5397211089386786,0.8045805496041478,0.7741802155584947,0.8831389907616587,0.6189832744173227,0.6969984027445131,0.6719887470980286,0.7326783331666397,0.4073712872220996,0.7822203120729916,0.7192361300879759,0.7741802155584947,0.7375795951827127,0.7741802155584947,0.7537446952657461,0.7326783331666396,0.9893778329904219,0.8547741735605932,0.981112948814985,0.42204925503436597,0.6189832744173231,0.6969984027445131,0.43946827410956524,0.8176529750564692,0.7375795951827127,0.7375795951827127,0.9055080334606467,0.6969984027445131,0.7851714206821074,0.7375795951827127,0.5931121408283464,0.5154684461075041,0.5154684461075041
p24_Y,0.7631872398855784,0.6976545975506301,0.9833855559911274,0.8953843871265295,0.8130779195301212,0.0,0.6221718040721846,0.8279991531800517,0.8979216508393784,0.4830151869942789,0.8979216508393784,0.4365427691149193,0.8568832591182516,0.8189024638311051,0.8720095693779903,0.8634848203745261,0.5475034548876099,0.9833855559911275,0.9352427994084291,0.8312389510633855,0.8979216508393784,0.9352427994084291,0.7563214878698696,0.8110360931929615,0.8552733754431473,0.8568832591182516,0.8568832591182516,0.7563214878698696,0.8979216508393784,0.8552733754431474,0.6806262823581302,0.8469422527687596,0.8279991531800515,0.9267041448607589,0.8007604884923403,0.7563214878698696,0.9833855559911274,0.6453926258055578,0.6976545975506302,0.8979216508393782,0.7563214878698696,0.9205712560662742,0.9340338749768283,0.4153080693241069,0.5823377126386782,0.9346755699974887,0.725795751446459,0.9205712560662742,0.8279991531800517,0.8698535219304985,0.8934565206300741,0.8552733754431474,0.787215857428889,0.8231857166324946,0.8186020132936149,0.8451815433129646,0.9352427994084291,0.9833855559911274,0.7631872398855784,0.8279991531800517,0.7846889952153107,0.933825007425104,0.8568832591182516,0.9808612440191387,0.8827751196172247,0.6737138482187273,0.895596740925852,0.4021812399836706,0.8279991531800517,0.8279991531800517,0.9302025549136441,0.8509901098301824,0.6236628608713497,0.8463032430518544,0.657618808368837,0.5062600899228191,0.7199688623067203,0.941702624495701,0.8568832591182516,0.8568832591182517,0.8979216508393782,0.9833855559911275,0.6394189096804047,0.7915649119477828,0.8110360931929614,0.813874526801349,0.9302025549136441,0.7083169396765954,0.7563214878698695,0.9205712560662742,0.8653906416191708,0.8110360931929614,0.8568832591182516,0.8568832591182517,0.9352427994084291,0.8867022082449292,0.9696230111914094,0.743883878606037,0.9205712560662742,0.7563214878698696,0.9205712560662742,0.8979216508393784,0.9352427994084291,0.9127012764661675,0.8788377295492764,0.6656713424647307,0.8374216826966339,0.8110360931929614,0.8568832591182516,0.8566734741832018,0.45422066495324476,0.7563214878698696,0.7563214878698696,0.8189024638311051,0.8568832591182516,0.8110360931929614,0.7563214878698696,0.6221718040721848,0.8133129476586172,0.8133129476586172
p25_E,0.9105254620732816,0.9013428299483736,0.9204861981879305,0.8229606149356239,0.750865353367711,0.6221718040721846,0.0,0.43730457259419264,0.8691440193524467,0.8414747281593589,0.8691440193524467,0.9427094476218248,0.8767123287671234,0.9315762446223341,0.8568832591182517,0.8617939697020156,0.8091908645722317,0.9204861981879305,0.8617939697020156,0.5934774743132909,0.8691440193524467,0.8617939697020156,0.35505471863543625,0.58951581712851,0.871851725834528,0.8767123287671234,0.8767123287671232,0.35505471863543625,0.8691440193524467,0.7807711342789032,0.5606582248489238,0.8484843300032949,0.43730457259419275,0.9013428299483736,0.8475922837537038,0.35505471863543625,0.9204861981879305,0.820432553448833,0.499406211219525,0.8691440193524466,0.35505471863543625,0.9315762446223341,0.8604037660672594,0.6256475116810454,0.7353892581991824,0.8475922837537038,0.9105254620732816,0.9315762446223341,0.43730457259419264,0.5361694894295947,0.8845513235673933,0.871851725834528,0.9038909064287106,0.8691440193524467,0.808802763231212,0.8604037660672592,0.8617939697020156,0.9204861981879305,0.9105254620732816,0.43730457259419264,0.700408955754207,0.688406239014334,0.8767123287671234,0.7786461074362293,0.7786461074362294,0.8691440193524467,0.7592021187230766,0.4988597476639747,0.43730457259419264,0.43730457259419264,0.9105254620732814,0.7790962038473499,0.7038577627447817,0.5487849909223961,0.8049314213397825,0.7479112670067265,0.680311303654157,0.8845513235673933,0.8767123287671234,0.6240487062404869,0.8691440193524466,0.9204861981879305,0.6030941590561527,0.9013428299483736,0.8845513235673933,0.836028568545059,0.9105254620732816,0.8406803344151674,0.9204861981879305,0.9315762446223341,0.9105254620732816,0.58951581712851,0.8767123287671234,0.6240487062404869,0.8617939697020156,0.7946123977355934,0.8546210835292564,0.9643111723266635,0.9315762446223341,0.35505471863543625,0.9315762446223341,0.8691440193524467,0.8617939697020156,0.8271187682283608,0.8604037660672594,0.9977010947538822,0.8229606149356239,0.58951581712851,0.8767123287671232,0.7094301004455632,0.6648940938924758,0.35505471863543625,0.35505471863543625,0.9315762446223341,0.8767123287671232,0.58951581712851,0.35505471863543625,0.6240487062404869,0.762484698587794,0.762484698587794
p27_T,0.851948051948052,0.9284007507380592,0.9422938189618881,0.6567753419064024,0.7047060519246215,0.8279991531800517,0.43730457259419264,0.0,0.9392210258881931,0.9239810733603229,0.9392210258881931,0.9122562384042734,0.9105254620732814,0.7781955449369335,0.8279991531800517,0.8996986432143701,0.8648593805956664,0.9422938189618881,0.950761152123418,0.5287354345362689,0.9392210258881931,0.950761152123418,0.11132481201307887,0.39674452848137076,0.5918669850687084,0.9105254620732814,0.9105254620732814,0.11132481201307887,0.9392210258881931,0.9543444423975165,0.5932691394881868,0.6824589083906654,0.21298701298701328,0.8758946346126357,0.9710717384707415,0.11132481201307887,0.9422938189618881,0.9954005092376478,0.28878079066472095,0.9050328529503018,0.11132481201307887,0.9503422861799105,0.5791726819215675,0.8278842701801759,0.9552371741828205,0.9710717384707415,0.9350649350649349,0.9503422861799105,0.21298701298701328,0.347920154269337,0.9162145178446348,0.7053141282021519,0.6260212039966171,0.9050328529503018,0.9419461991658046,0.9607227836460128,0.950761152123418,0.9422938189618881,0.851948051948052,0.21298701298701328,0.8279991531800517,0.8954587132125955,0.9105254620732814,0.8279991531800517,0.725795751446459,0.9050328529503018,0.7535938239955285,0.7447511950572934,0.21298701298701328,0.21298701298701328,0.9350649350649349,0.6110539574615819,0.5287354345362688,0.34828516960192446,0.8471058425687124,0.7447511950572938,0.5021405381367818,0.9120252437368666,0.9105254620732814,0.43730457259419264,0.9050328529503018,0.8211108387818535,0.8146463321591151,0.9284007507380592,0.9162145178446348,0.670015424818732,0.9350649350649352,0.8843756774842799,0.9422938189618884,0.9503422861799105,0.851948051948052,0.39674452848137076,0.9105254620732814,0.43730457259419264,0.950761152123418,0.6274412482494797,0.9613141028350668,0.9887465769818867,0.9503422861799105,0.11132481201307887,0.9503422861799105,0.9392210258881931,0.950761152123418,0.8745335346650265,0.6941988155296726,0.8648593805956661,0.6567753419064024,0.39674452848137065,0.9105254620732814,0.8344783736403076,0.744751195057294,0.11132481201307887,0.11132481201307887,0.7781955449369335,0.9105254620732814,0.39674452848137076,0.11132481201307887,0.43730457259419264,0.5932691394881868,0.5932691394881868
p31_M,0.4719826624036775,0.2460629650749484,0.9156050527430277,0.795336556218609,0.7537446952657461,0.8979216508393784,0.8691440193524467,0.9392210258881931,0.0,0.482450830493234,0.0,0.5093466185373421,0.05783693933761491,0.8741182063489392,0.728398678126203,0.16253266117115628,0.8023576462394764,0.9156050527430277,0.05318183030496959,0.8456966500379082,0.0,0.16253266117115617,0.9156050527430277,0.8774642296510322,0.8502711312546676,0.05783693933761491,0.0578369393376148,0.9156050527430277,0.0,0.40310788810982334,0.8236635960353502,0.7813353991834224,0.9050328529503018,0.24606296507494807,0.1414084281921424,0.9156050527430277,0.9156050527430277,0.9013413235472074,0.8952865229270761,0.11388888888888893,0.9156050527430277,0.9273758882782341,0.8584447853737673,0.7602683492573079,0.6181186920870131,0.1414084281921424,0.3162365412421725,0.9273758882782341,0.9050328529503018,0.9156050527430277,0.4945399473105071,0.9332290179919462,0.8534977403317202,0.8611111111111112,0.437268566128862,0.3845425451033363,0.05318183030496959,0.9156050527430277,0.4719826624036775,0.9050328529503018,0.6536627439193192,0.9804819985410292,0.05783693933761491,0.6536627439193192,0.8031346123330867,0.8611111111111112,0.7316411713668622,0.7388835160664533,0.9392210258881931,0.9050328529503018,0.9050328529503016,0.8165060391456065,0.627100237591611,0.8861449914893378,0.925464400750007,0.738883516066453,0.818637646368276,0.24334161809512278,0.05783693933761491,0.8691440193524467,0.11388888888888893,0.9113853053801791,0.6703097633021069,0.24606296507494807,0.24334161809512278,0.9618999618999429,0.9050328529503016,0.8309001146013693,0.39235637974979987,0.9273758882782341,0.31623654124217226,0.8774642296510322,0.05783693933761491,0.8691440193524467,0.05318183030496959,0.809409375034378,0.09989712522113059,0.21236406229123184,0.9273758882782341,0.9156050527430277,0.9273758882782341,0.0,0.05318183030496959,0.33712806641350357,0.7743322665378902,0.8023576462394764,0.795336556218609,0.8774642296510321,0.0578369393376148,0.6450788929239878,0.7388835160664531,0.9156050527430277,0.9156050527430277,0.8741182063489392,0.0578369393376148,0.877464229651032,0.9156050527430277,0.8691440193524467,0.8236635960353502,0.8236635960353502
p32_V,0.7535938239955287,0.609800513714146,0.8369334698432571,0.6045526573321736,0.9454694843439853,0.4830151869942789,0.8414747281593589,0.9239810733603229,0.482450830493234,0.0,0.482450830493234,0.1587514689270333,0.5123842904142303,0.9966589734481985,0.5371036224182353,0.528839853166978,0.5120405510000727,0.8369334698432571,0.528839853166978,0.9201404293750075,0.482450830493234,0.604299095433204,0.8369334698432571,0.763238398265141,0.607652855506956,0.5123842904142303,0.5123842904142304,0.8369334698432571,0.482450830493234,0.8771297198740646,0.9918877547177143,0.5774998518015804,0.8165060391456066,0.609800513714146,0.6084450437677154,0.8369334698432571,0.8369334698432571,0.6951829980494679,0.797674340444372,0.5610416303072244,0.8369334698432571,0.8596768848243383,0.6220116663504277,0.5023297450506867,0.8117691868947394,0.6084450437677154,0.6461187897808125,0.8596768848243383,0.8165060391456067,0.8369334698432571,0.8034033128451616,0.7221456165333957,0.8409420356796877,0.8888227709948429,0.4713376361774073,0.5073410482769619,0.5288398531669779,0.9563214651365868,0.7535938239955287,0.8165060391456067,0.9471694351672986,0.7598081727398078,0.5123842904142303,0.6402490109011285,0.9496851763498082,0.9539956293771763,0.8611111111111112,0.6836708464313371,0.9239810733603229,0.8165060391456067,0.9239810733603226,0.6454559843477929,0.9343376863750061,0.87204734435672,0.897131100025272,0.7383944552765489,0.9429454509694388,0.6300599972892827,0.5123842904142303,0.7471622246592304,0.5610416303072244,0.9563214651365868,0.756060997910264,0.609800513714146,0.6300599972892826,0.7107932348727097,0.9685438924249611,0.6732679803934642,0.6855145489834245,0.8596768848243383,0.6461187897808125,0.763238398265141,0.5123842904142303,0.7471622246592304,0.5288398531669779,0.6317439265775295,0.5705329757500404,0.40942854344960244,0.8596768848243383,0.8369334698432571,0.8596768848243383,0.482450830493234,0.528839853166978,0.7704960612965623,0.680054818708602,0.8848294468198928,0.6045526573321736,0.763238398265141,0.5123842904142304,0.9321763233694972,0.6289472375861251,0.8369334698432571,0.8369334698432571,0.9966589734481985,0.5123842904142304,0.9767466284010405,0.8369334698432571,0.8414747281593589,0.6592856981440012,0.6592856981440012
p35_I,0.4719826624036775,0.2460629650749484,0.9156050527430277,0.795336556218609,0.7537446952657461,0.8979216508393784,0.8691440193524467,0.9392210258881931,0.0,0.482450830493234,0.0,0.5093466185373421,0.05783693933761491,0.8741182063489392,0.728398678126203,0.16253266117115628,0.8023576462394764,0.9156050527430277,0.05318183030496959,0.8456966500379082,0.0,0.16253266117115617,0.9156050527430277,0.8774642296510322,0.8502711312546676,0.05783693933761491,0.0578369393376148,0.9156050527430277,0.0,0.40310788810982334,0.8236635960353502,0.7813353991834224,0.9050328529503018,0.24606296507494807,0.1414084281921424,0.9156050527430277,0.9156050527430277,0.9013413235472074,0.8952865229270761,0.11388888888888893,0.9156050527430277,0.9273758882782341,0.8584447853737673,0.7602683492573079,0.6181186920870131,0.1414084281921424,0.3162365412421725,0.9273758882782341,0.9050328529503018,0.9156050527430277,0.4945399473105071,0.9332290179919462,0.8534977403317202,0.8611111111111112,0.437268566128862,0.3845425451033363,0.05318183030496959,0.9156050527430277,0.4719826624036775,0.9050328529503018,0.6536627439193192,0.9804819985410292,0.05783693933761491,0.6536627439193192,0.8031346123330867,0.8611111111111112,0.7316411713668622,0.7388835160664533,0.9392210258881931,0.9050328529503018,0.9050328529503016,0.8165060391456065,0.627100237591611,0.8861449914893378,0.925464400750007,0.738883516066453,0.818637646368276,0.24334161809512278,0.05783693933761491,0.8691440193524467,0.11388888888888893,0.9113853053801791,0.6703097633021069,0.24606296507494807,0.24334161809512278,0.9618999618999429,0.9050328529503016,0.8309001146013693,0.39235637974979987,0.9273758882782341,0.31623654124217226,0.8774642296510322,0.05783693933761491,0.8691440193524467,0.05318183030496959,0.809409375034378,0.09989712522113059,0.21236406229123184,0.9273758882782341,0.9156050527430277,0.9273758882782341,0.0,0.05318183030496959,0.33712806641350357,0.7743322665378902,0.8023576462394764,0.795336556218609,0.8774642296510321,0.0578369393376148,0.6450788929239878,0.7388835160664531,0.9156050527430277,0.9156050527430277,0.8741182063489392,0.0578369393376148,0.877464229651032,0.9156050527430277,0.8691440193524467,0.8236635960353502,0.8236635960353502
p35_W,0.7703178005288334,0.6300782444040931,0.8279947709615547,0.5828757091792978,0.9900120874237537,0.4365427691149193,0.9427094476218248,0.9122562384042734,0.5093466185373421,0.1587514689270333,0.5093466185373421,0.0,0.5377245083967932,0.986843101787567,0.6495419860648841,0.5560763691512509,0.48529243428415736,0.8279947709615547,0.5560763691512507,0.9004129405114177,0.5093466185373421,0.6303656298238987,0.8279947709615549,0.7502600104707654,0.58212022108363,0.5377245083967932,0.5377245083967936,0.8279947709615549,0.5093466185373421,0.7979331332213606,0.8354787917539188,0.5543399697669885,0.806447584715309,0.6300782444040931,0.4285369230569849,0.8279947709615549,0.8279947709615547,0.6740129627738332,0.786583602540823,0.5867188825372227,0.8279947709615549,0.8519848951101278,0.7686397105647049,0.5426191473984125,0.765271049723985,0.6364953800510407,0.6645091468398692,0.8519848951101278,0.8064475847153089,0.8279947709615547,0.8231008407501252,0.6948377930281772,0.8089049220282714,0.8962079385367454,0.6230648968657752,0.5456418412294808,0.5560763691512507,0.9455316774711591,0.7703178005288334,0.8064475847153089,0.9442734606816955,0.9602203873520925,0.5377245083967932,0.5987689169082064,0.9950465298383729,0.7414634105369842,0.8801937076490511,0.6163039563804174,0.9122562384042734,0.8064475847153089,0.9122562384042733,0.6260212039966173,0.9563214651365868,0.8585613772518834,0.84808909493745,0.6163039563804178,0.9238988061402145,0.6524451812384815,0.5377245083967932,0.73330260099815,0.5867188825372227,0.9455316774711591,0.6515860288315942,0.6300782444040931,0.6524451812384813,0.686517466844037,0.8761264542177978,0.6553577499159648,0.7018576030000281,0.8519848951101278,0.6645091468398692,0.7502600104707654,0.5377245083967932,0.73330260099815,0.5560763691512507,0.6115575023706892,0.598157479256598,0.3770556192624115,0.8519848951101278,0.8279947709615549,0.8519848951101278,0.5093466185373421,0.5560763691512507,0.7989863971481819,0.5972100985132514,0.7911331617384985,0.5828757091792978,0.7502600104707655,0.5377245083967936,0.9122070759638481,0.562428826968079,0.8279947709615549,0.8279947709615549,0.986843101787567,0.5377245083967936,0.9937565002617692,0.8279947709615549,0.8617124597768187,0.6406090111129297,0.6406090111129297
p36_M,0.6003470639273241,0.199780731803475,0.9204861981879304,0.8071736634012208,0.6969984027445131,0.8568832591182516,0.8767123287671234,0.9105254620732814,0.05783693933761491,0.5123842904142303,0.05783693933761491,0.5377245083967932,0.0,0.9315762446223341,0.7519309824716363,0.10794289534937351,0.8137886750644674,0.9204861981879304,0.10794289534937351,0.8546210835292565,0.05783693933761491,0.22241657701033013,0.9204861981879306,0.8845513235673934,0.7807711342789031,0.0,0.0,0.9204861981879306,0.05783693933761491,0.43763030097631694,0.833862353934467,0.7939822904361347,0.9105254620732816,0.3495934715115,0.1910667368465817,0.9204861981879306,0.9204861981879304,0.820432553448833,0.9013428299483737,0.05783693933761469,0.9204861981879306,0.9315762446223341,0.7873841975485952,0.7741336941986194,0.6402055381269458,0.1910667368465817,0.2742620812610608,0.9315762446223341,0.9105254620732814,0.9204861981879304,0.4580326023024851,0.9544597042221876,0.9038909064287106,0.8691440193524467,0.4698152299330365,0.4201387205870778,0.10794289534937351,0.9204861981879304,0.6003470639273241,0.9105254620732814,0.6736938307896136,0.8927300167098526,0.0,0.6736938307896136,0.7519309824716361,0.8691440193524465,0.7471622246592307,0.7539856943077692,0.926432046593587,0.9105254620732814,0.9105254620732814,0.827118768228361,0.5934774743132911,0.8927300167098526,0.9609862842679565,0.7539856943077691,0.794784985315114,0.3265493874764608,0.0,0.8767123287671232,0.05783693933761469,0.9204861981879306,0.6893780375222067,0.19978073180347478,0.19506617265043624,0.9822733587616279,0.9105254620732814,0.8406803344151674,0.35505471863543636,0.9315762446223341,0.43730457259419275,0.8845513235673934,0.0,0.8767123287671232,0.10794289534937351,0.820432553448833,0.15195632058732944,0.2579185142406194,0.9315762446223341,0.9204861981879306,0.9315762446223341,0.05783693933761491,0.10794289534937351,0.28686491894198873,0.7873841975485953,0.8137886750644672,0.8071736634012208,0.8845513235673933,0.0,0.6656064434635826,0.7539856943077691,0.9204861981879306,0.9204861981879306,0.9315762446223341,0.0,0.8845513235673934,0.9204861981879306,0.8767123287671232,0.833862353934467,0.833862353934467
p36_VIF,0.5067333760537776,0.9452459925444261,0.7425774607095988,0.9530626290319756,0.9055080334606467,0.8189024638311051,0.9315762446223341,0.7781955449369335,0.8741182063489392,0.9966589734481985,0.8741182063489392,0.986843101787567,0.9315762446223341,0.0,0.9205712560662742,0.9232966645061764,0.8966540772607092,0.742577460709599,0.8861071685091712,0.8969034777144549,0.8741182063489392,0.6955110015245187,0.9558704218359313,0.8451565043221922,0.6878889321777788,0.9315762446223341,0.9315762446223341,0.9558704218359313,0.8741182063489392,0.8324827602084124,0.7561685296711945,0.9655170142186662,0.7781955449369338,0.8053190846024041,0.9067394309538561,0.9558704218359313,0.7425774607095988,0.7791877660719198,0.9452459925444261,0.8741182063489392,0.9558704218359313,0.9620253164556962,0.6781812330562556,0.9825897018132194,0.9302693260631782,0.5510479583127492,0.9503422861799105,0.9620253164556962,0.7781955449369338,0.9558704218359313,0.9359268293747001,0.977076588239046,0.8535991525227093,0.8741182063489392,0.7057513322357896,0.8247875602195169,0.6955110015245187,0.9558704218359313,0.5067333760537776,0.9503422861799105,0.9205712560662742,0.5946014296970241,0.9315762446223341,0.9491656038824154,0.9491656038824154,0.9273758882782341,0.9966589734481985,0.8634638605485911,0.9503422861799105,0.7781955449369338,0.7781955449369335,0.9040521814238165,0.9193157651678341,0.9404659442212413,0.9350430197538369,0.8600925978460869,0.8861071685091712,0.6262398380190843,0.9315762446223341,0.8606182760825324,0.8741182063489392,0.7425774607095988,0.9584980016552265,0.9452459925444261,0.845156504322192,0.9594176057874627,0.7781955449369337,0.9157892870674653,0.9558704218359313,0.9620253164556962,0.7781955449369335,0.8451565043221921,0.9315762446223341,0.8606182760825324,0.6955110015245187,0.9003413811475036,0.7131227205967439,0.9241868537633126,0.9620253164556962,0.9558704218359313,0.9620253164556962,0.8741182063489392,0.6955110015245187,0.9040521814238167,0.8819997854539603,0.8966540772607092,0.9530626290319756,0.8451565043221922,0.9315762446223341,0.9254483682315722,0.863463860548591,0.9558704218359313,0.9558704218359313,1.1102230246251565e-16,0.9315762446223341,0.9359268293747001,0.9558704218359313,0.9315762446223341,0.9077948221445693,0.9077948221445693
p37_Y,0.8653906416191708,0.832793830463606,0.7563214878698694,0.9886902040136789,0.6924830289043933,0.8720095693779903,0.8568832591182517,0.8279991531800517,0.728398678126203,0.5371036224182353,0.728398678126203,0.6495419860648841,0.7519309824716363,0.9205712560662742,0.0,0.7059673054220563,0.9207410510153456,0.7563214878698694,0.7059673054220562,0.9004309811273974,0.728398678126203,0.8494832634898621,0.7563214878698694,0.6461952383187364,0.9641502856602291,0.7519309824716363,0.7519309824716363,0.7563214878698694,0.728398678126203,0.6919580101175247,0.7438838786060369,0.9590023891344892,0.7257957514464592,0.7388835160664531,0.7974942669922147,0.7563214878698694,0.7563214878698694,0.8263748126350863,0.6976545975506303,0.8031346123330867,0.7563214878698694,0.7903081160149639,0.9003776887405164,0.9396954510962084,0.7326961360887536,0.7974942669922147,0.7631872398855781,0.7903081160149639,0.7257957514464592,0.7563214878698694,0.7768617696214759,0.9814112592312301,0.8397709769795851,0.8231857166324945,0.8095321139582956,0.8236415841217247,0.7777252844559591,0.8698535219304984,0.8653906416191708,0.8279991531800517,0.9210526315789476,0.8036096994551475,0.7519309824716363,0.8720095693779908,0.9700956937799043,0.9526064807468543,0.9496851763498082,0.9746149146489882,0.8279991531800517,0.7257957514464592,0.8279991531800515,0.8509901098301825,0.8312389510633855,0.7587814786786049,0.9021768023910963,0.9746149146489882,0.7199688623067202,0.7768617696214758,0.7519309824716363,0.7004089557542068,0.8031346123330867,0.8698535219304984,0.7692281021954591,0.7388835160664531,0.8592821970585883,0.9847210432448869,0.9302025549136441,0.9033007245666973,0.7895503758876147,0.7903081160149639,0.8653906416191708,0.6461952383187364,0.7519309824716363,0.7004089557542068,0.7777252844559591,0.992643000535385,0.7536088685525428,0.8133129476586174,0.7903081160149639,0.7563214878698694,0.7903081160149639,0.728398678126203,0.7777252844559592,0.6658566099222275,0.8788377295492765,0.9610910614075332,0.9886902040136789,0.6461952383187365,0.7519309824716363,0.8984770442131012,0.8692668104422889,0.7563214878698694,0.7563214878698694,0.9205712560662742,0.7519309824716363,0.8934565206300742,0.7563214878698694,0.9866424375177034,0.8765705439065237,0.8765705439065237
p39_I,0.6516807427989942,0.28615871652696434,0.9108646729031871,0.8686496819210954,0.8050228106594963,0.8634848203745261,0.8617939697020156,0.8996986432143701,0.16253266117115628,0.528839853166978,0.16253266117115628,0.5560763691512509,0.10794289534937351,0.9232966645061764,0.7059673054220563,0.0,0.8777056951524294,0.9108646729031871,0.209987195902689,0.9382687822300342,0.16253266117115628,0.31498079385403344,0.9108646729031871,0.8705815178975318,0.8338957786762641,0.10794289534937351,0.10794289534937351,0.9108646729031871,0.16253266117115628,0.4492333714002439,0.9063151114324488,0.8510343326299492,0.8996986432143701,0.4235647851767037,0.2891217491956257,0.9108646729031871,0.9108646729031871,0.8869728848232126,0.8894048715746001,0.16253266117115628,0.9108646729031871,0.9232966645061764,0.8424176763572948,0.8254474276131079,0.7398426463315629,0.2891217491956257,0.3526003334745702,0.9232966645061764,0.8996986432143701,0.9108646729031871,0.5264460086705143,0.9932004119925955,0.8837171999905936,0.962660691899351,0.5611177245734043,0.5114947967076138,0.2099871959026891,0.9108646729031871,0.6516807427989942,0.8996986432143701,0.7059673054220563,0.8797498694524051,0.10794289534937351,0.7059673054220563,0.7777252844559591,0.8533098610331644,0.7920269664369863,0.8003590093898219,0.950761152123418,0.8996986432143701,0.8996986432143701,0.8964928436079957,0.6567744291989892,0.8797498694524051,0.8926515599553231,0.8003590093898217,0.8399487836107554,0.40585151398412345,0.10794289534937351,0.8617939697020156,0.16253266117115628,0.9108646729031871,0.7238951948347638,0.28615871652696445,0.2852570192977326,0.9735797460050879,0.8996986432143701,0.916499609734629,0.42467197964784387,0.9232966645061764,0.5021405381367822,0.8705815178975318,0.10794289534937351,0.8617939697020156,0.2099871959026891,0.8869728848232126,0.2518176406280124,0.2606794938343856,0.9232966645061764,0.9108646729031871,0.9232966645061764,0.16253266117115628,0.2099871959026891,0.2908658647186092,0.8424176763572948,0.7912562727601813,0.8686496819210954,0.8705815178975318,0.10794289534937351,0.7684451799563723,0.8003590093898217,0.9108646729031871,0.9108646729031871,0.9232966645061764,0.10794289534937351,0.9911760125839224,0.9108646729031871,0.8617939697020156,0.9063151114324488,0.9063151114324488
p41_G,0.8648593805956661,0.8509901098301826,0.7097677212282797,0.9182480880686712,0.6832786801282071,0.5475034548876099,0.8091908645722317,0.8648593805956664,0.8023576462394764,0.5120405510000727,0.8023576462394764,0.48529243428415736,0.8137886750644674,0.8966540772607092,0.9207410510153456,0.8777056951524294,0.0,0.7097677212282798,0.7912562727601813,0.9695031227203583,0.8023576462394764,0.7912562727601813,0.8799038846461849,0.8764868838346921,0.8656328460671809,0.8137886750644674,0.8137886750644673,0.8799038846461849,0.8023576462394764,0.6688809420941244,0.8698875767825709,0.89133914279213,0.8648593805956664,0.8509901098301826,0.7698063197331808,0.8799038846461849,0.7097677212282797,0.9468205462735604,0.9227356125045392,0.8023576462394764,0.8799038846461849,0.6325478302602998,0.8783595399747621,0.2403225854969745,0.48245083049323445,0.7698063197331808,0.8648593805956661,0.6325478302602998,0.8648593805956664,0.9833199839786367,0.8256285418842713,0.9312168140581998,0.8919011413202562,0.7474569924171086,0.9672194965946406,0.9221501055838478,0.7912562727601813,0.5729915898531011,0.8648593805956661,0.8648593805956664,0.5475034548876099,0.9511372725120043,0.8137886750644674,0.9798249948039062,0.9020071176189728,0.6574199201484258,0.884829446819893,0.4311687213513805,0.8648593805956664,0.8648593805956664,0.6426281397974282,0.7388835160664535,0.9695031227203583,0.8456966500379082,0.7053721745056052,0.36847495139279585,0.9493954600630743,0.8256285418842713,0.8137886750644674,0.9034459796630571,0.8023576462394764,0.7097677212282798,0.5786271215929947,0.8509901098301826,0.8256285418842713,0.9046177046928281,0.8888843796008811,0.9942706343935737,0.8799038846461846,0.6325478302602998,0.8648593805956661,0.8764868838346921,0.8137886750644674,0.9034459796630571,0.7912562727601813,0.9468205462735606,0.7804224835865801,0.9460962818099222,0.6325478302602998,0.8799038846461849,0.6325478302602998,0.8023576462394764,0.7912562727601813,0.7388835160664533,0.7453659703471689,0.5694444444444443,0.918248088068671,0.876486883834692,0.8137886750644673,0.561128818142623,0.5565562612685488,0.8799038846461849,0.8799038846461849,0.8966540772607092,0.8137886750644673,0.8764868838346921,0.8799038846461849,0.903445979663057,0.7490688980806728,0.7490688980806728
