,p7_S,p19_L,p25_E,p27_T,p31_M,p35_I,p36_M,p46_L,p50_F,p52_T,p56_G,p56_V,p60_V,p60_Y,p64_T,p69_R,p81_V,p84_T,p87_C,p87_V,p88_I,p93_V,p94_T,p96_T,p96_Y,p100_V,p100_Y,p103_M,p109_G,p110_R,p111_MT,p111_V,p112_M,p112_V,p122_Q,p150_G,p154_M,p157_V,p158_L,p166_S,p179_L,p185_T,p195_N,p198_Y,p209_S,p213_F,p218_L,p218_T,p228_L,p255_L,p259_F,p259_L,p261_Y,p269_G,p277_F,p277_L,p279_R,p282_S,p284_S,p286_L,p286_Q,p287_T,p288_M,p290_V,p292_S,p295_S,p301_Y,p303_P,p304_V,p315_S,p319_N,p320_T,p326_S,p333_S,p334_S
p7_S,0.0,0.5932691394881873,0.5738417827277746,0.2887807906647205,0.9221501055838477,0.9162145178446348,0.9221501055838477,0.7934133611810248,0.3162365412421725,0.9162145178446348,0.8996986432143701,0.11132481201307887,0.4259740259740262,0.5287354345362689,0.9221501055838477,0.928400750738059,0.2887807906647206,0.2887807906647205,0.9162145178446348,0.8944930077320006,0.3845425451033365,0.611053957461582,0.11132481201307876,0.9350649350649349,0.950761152123418,0.21298701298701328,0.9221501055838477,0.11132481201307887,0.9162145178446348,0.9422938189618884,0.9503422861799105,0.23527120717062178,0.21298701298701328,0.9284007507380592,0.6567753419064026,0.9162145178446348,0.2887807906647205,0.8279991531800515,0.9162145178446348,0.5918669850687086,0.11132481201307887,0.11132481201307887,0.5738417827277746,0.5524627775179404,0.39674452848137054,0.9422938189618881,0.9221501055838477,0.21298701298701328,0.9221501055838477,0.9350649350649352,0.9221501055838477,0.5524627775179404,0.9350649350649349,0.9503422861799105,0.43730457259419275,0.9284007507380592,0.2887807906647205,0.9162145178446348,0.5524627775179404,0.9801786875687336,0.3482851696019247,0.9162145178446348,0.9162145178446348,0.611053957461582,0.8504851362377572,0.611053957461582,0.2887807906647204,0.9221501055838477,0.7189749495595117,0.11132481201307887,0.11132481201307887,0.9221501055838477,0.11132481201307887,0.5738417827277746,0.6426281397974283
p19_L,0.5932691394881873,0.0,0.8793630073312202,0.5273011713619411,0.8554471640262298,0.844425876877299,0.8554471640262298,0.9333222579096219,0.5015557647932571,0.844425876877299,0.9085725786268476,0.5213980473714832,0.4614433269902879,0.2141954780338322,0.8554471640262298,0.8670534544455459,0.6484302462004436,0.40617209652343855,0.844425876877299,0.9281674536706828,0.8389209567160765,0.03900704337307037,0.5213980473714832,0.8794276105202137,0.8137589564620972,0.4614433269902879,0.8554471640262298,0.5213980473714832,0.844425876877299,0.8928503091130187,0.9241868537633126,0.5881502055790766,0.46144332699028756,0.9881825292840485,0.2879328877156341,0.844425876877299,0.6484302462004436,0.6806262823581306,0.844425876877299,0.4528229124875526,0.5213980473714832,0.5213980473714832,0.12487062945359739,0.1690062626445462,0.6240292024534726,0.8928503091130187,0.8554471640262298,0.4614433269902879,0.8554471640262298,0.8794276105202137,0.9683360454533645,0.2553706307854172,0.8794276105202137,0.9077948221445693,0.2579185142406194,0.8670534544455459,0.40617209652343855,0.844425876877299,0.16900626264454588,0.7853070469453918,0.35433066598382645,0.844425876877299,0.844425876877299,0.3573966290030025,0.7946482892322266,0.11860443978055346,0.40617209652343855,0.8554471640262298,0.6049693891457648,0.5213980473714832,0.5213980473714832,0.8554471640262298,0.5213980473714832,0.12487062945359739,0.18400923153640958
p25_E,0.5738417827277746,0.8793630073312202,0.0,0.6296699695990382,0.8613793439832654,0.8508103499926474,0.8613793439832654,0.6453669621271785,0.772923011036124,0.8508103499926474,0.8214019430435118,0.5009165910549127,0.7092874176747608,0.8210787739756715,0.8613793439832654,0.8725093337963901,0.6296699695990382,0.6296699695990382,0.8508103499926474,0.8121327126744551,0.6376845173007348,0.8962751283724915,0.5009165910549127,0.8843756774842799,0.8214019430435118,0.5738417827277746,0.8613793439832654,0.5009165910549127,0.8508103499926474,0.8972475334524821,0.9115787514208386,0.5705253640440735,0.5738417827277746,0.8725093337963902,0.9419200625326103,0.8508103499926474,0.6296699695990382,0.5117479207629966,0.8508103499926474,0.7782864974916874,0.5009165910549127,0.5009165910549127,0.8613445378151261,0.8420068856102874,0.7122771035572486,0.897247533452482,0.8613793439832654,0.5738417827277746,0.8613793439832654,0.8843756774842799,0.8613793439832654,0.8420068856102874,0.8843756774842799,0.9115787514208386,0.7445827583481257,0.8725093337963901,0.6296699695990382,0.8508103499926474,0.8420068856102874,0.9663865546218486,0.6746658073076639,0.8508103499926474,0.8508103499926474,0.8962751283724915,0.7464491958480872,0.8962751283724915,0.6296699695990382,0.8613793439832655,0.6949959323832293,0.5009165910549127,0.5009165910549127,0.8613793439832655,0.5009165910549127,0.8613445378151261,0.7708253757429471
p27_T,0.2887807906647205,0.5273011713619411,0.6296699695990382,0.0,0.9141604924721047,0.9345611524468465,0.9141604924721047,0.7531128822251477,0.5322798024076066,0.9345611524468465,0.9731890597756607,0.19403930023068194,0.4844854053140254,0.45387175790965717,0.9141604924721047,0.9210526315789475,0.35964912280701755,0.35964912280701744,0.9345611524468465,0.9838423597014692,0.5863644083576103,0.5475034548876094,0.19403930023068194,0.8758946346126357,0.9731890597756607,0.2887807906647205,0.9141604924721047,0.19403930023068194,0.9345611524468465,0.9363715237024222,0.9452459925444261,0.30644923889606424,0.09307617601541529,0.9210526315789473,0.5993527053615857,0.9345611524468465,0.35964912280701744,0.7915649119477828,0.9345611524468465,0.758464341492542,0.19403930023068194,0.19403930023068194,0.5052147954478956,0.6091038744804012,0.46109184367991185,0.8462311822808538,0.9141604924721047,0.2887807906647205,0.9141604924721047,0.9284007507380592,0.9141604924721047,0.6091038744804012,0.9284007507380592,0.9452459925444261,0.4994062112195249,0.9210526315789473,0.17982456140350878,0.9345611524468465,0.48088994530997276,0.9969645079475331,0.41547382969099933,0.9345611524468465,0.9345611524468465,0.5475034548876094,0.8351406592172794,0.5475034548876094,0.17982456140350878,0.9141604924721047,0.7842413038302565,0.19403930023068194,0.19403930023068194,0.9141604924721047,0.19403930023068194,0.5052147954478956,0.5833241960066218
p31_M,0.9221501055838477,0.8554471640262298,0.8613793439832654,0.9141604924721047,0.0,0.07084267568224367,1.1102230246251565e-16,0.7492867317887963,0.8861449914893378,0.07084267568224367,0.22384006646552435,0.9308167304449639,0.9221501055838477,0.8735088935932648,1.1102230246251565e-16,0.08029099077255175,0.9141604924721048,0.9141604924721047,0.07084267568224367,0.2621352126273784,0.8735088935932649,0.849579713381929,0.9308167304449639,0.3482851696019249,0.22384006646552423,0.9221501055838477,1.1102230246251565e-16,0.9308167304449639,0.07084267568224378,0.2587506833388993,0.9404659442212413,0.9404659442212413,0.9221501055838477,0.41547382969099944,0.8574550891920477,0.07084267568224367,0.9141604924721047,0.716087935081898,0.07084267568224367,0.9064039510765842,0.9308167304449639,0.9308167304449639,0.8613793439832655,0.8673932842469814,0.9533627597832787,0.4613588298929332,1.1102230246251565e-16,0.9221501055838477,1.1102230246251565e-16,0.16589398839836844,0.15619047619047632,0.9868850500903608,0.9221501055838477,0.3621351166561567,0.8927300167098526,0.08029099077255164,0.9141604924721047,0.07084267568224367,0.8673932842469814,0.3266996707758617,0.9066666666666667,0.07084267568224367,0.07084267568224378,0.849579713381929,0.8207483680939456,0.849579713381929,0.9141604924721048,0.0,0.7229788081378236,0.9308167304449639,0.9308167304449639,0.0,0.9308167304449639,0.8613793439832655,0.8379814825398035
p35_I,0.9162145178446348,0.844425876877299,0.8508103499926474,0.9345611524468465,0.07084267568224367,0.0,0.07084267568224367,0.7301713481134184,0.877464229651032,0.0,0.1646625246113418,0.925541920895006,0.9162145178446348,0.8638647050437744,0.07084267568224367,0.14544563783528885,0.907615744630842,0.9076157446308419,0.0,0.20587744608868475,0.8638647050437744,0.8381110682967294,0.925541920895006,0.22498429006287202,0.1646625246113418,0.9162145178446348,0.07084267568224367,0.925541920895006,0.0,0.3112627682788054,0.9359268293747001,0.9359268293747001,0.9162145178446348,0.46109184367991196,0.8883342659834867,0.0,0.9076157446308419,0.6944413421843634,0.0,0.8861981310228153,0.925541920895006,0.925541920895006,0.8508103499926474,0.857282817147907,0.9695945945945946,0.3112627682788055,0.07084267568224367,0.9162145178446348,0.07084267568224367,0.22498429006287202,0.21792935636574928,0.9698098267043649,0.9162145178446348,0.40732317171597643,0.8845513235673934,0.14544563783528885,0.9076157446308419,0.0,0.9698098267043649,0.275364557107144,0.8995505595332154,0.0,0.0,0.8381110682967294,0.8070815057744158,0.8381110682967294,0.907615744630842,0.07084267568224334,0.701857603000028,0.925541920895006,0.925541920895006,0.07084267568224334,0.925541920895006,0.8508103499926474,0.8256285418842713
p36_M,0.9221501055838477,0.8554471640262298,0.8613793439832654,0.9141604924721047,1.1102230246251565e-16,0.07084267568224367,0.0,0.7492867317887963,0.8861449914893378,0.07084267568224367,0.22384006646552435,0.9308167304449639,0.9221501055838477,0.8735088935932648,1.1102230246251565e-16,0.08029099077255175,0.9141604924721048,0.9141604924721047,0.07084267568224367,0.2621352126273784,0.8735088935932649,0.849579713381929,0.9308167304449639,0.3482851696019249,0.22384006646552423,0.9221501055838477,1.1102230246251565e-16,0.9308167304449639,0.07084267568224378,0.2587506833388993,0.9404659442212413,0.9404659442212413,0.9221501055838477,0.41547382969099944,0.8574550891920477,0.07084267568224367,0.9141604924721047,0.716087935081898,0.07084267568224367,0.9064039510765842,0.9308167304449639,0.9308167304449639,0.8613793439832655,0.8673932842469814,0.9533627597832787,0.4613588298929332,1.1102230246251565e-16,0.9221501055838477,1.1102230246251565e-16,0.16589398839836844,0.15619047619047632,0.9868850500903608,0.9221501055838477,0.3621351166561567,0.8927300167098526,0.08029099077255164,0.9141604924721047,0.07084267568224367,0.8673932842469814,0.3266996707758617,0.9066666666666667,0.07084267568224367,0.07084267568224378,0.849579713381929,0.8207483680939456,0.849579713381929,0.9141604924721048,0.0,0.7229788081378236,0.9308167304449639,0.9308167304449639,0.0,0.9308167304449639,0.8613793439832655,0.8379814825398035
p46_L,0.7934133611810248,0.9333222579096219,0.6453669621271785,0.7531128822251477,0.7492867317887963,0.7301713481134184,0.7492867317887963,0.0,0.9981464310853299,0.7301713481134184,0.6769824653670207,0.7240542152050948,0.8973403819365828,0.9879875004973926,0.7492867317887963,0.7694167484932984,0.7531128822251478,0.8486069560814585,0.7301713481134184,0.6602178712119607,0.941653573844478,0.909698484653666,0.724054215205095,0.7908785557967428,0.6769824653670207,0.7934133611810248,0.7492867317887963,0.7240542152050948,0.7301713481134187,0.8141589612605742,0.840078810419707,0.7625412639565344,0.6894863404254666,0.7694167484932986,0.8440240466844053,0.7301713481134184,0.7531128822251477,0.9355337038781432,0.7301713481134184,0.709040637579611,0.7240542152050948,0.7240542152050948,0.9580888227968483,0.9161370486410456,0.9345869934820409,0.814158961260574,0.7492867317887963,0.7934133611810248,0.7492867317887963,0.7908785557967428,0.7492867317887963,0.9161370486410456,0.8948055765523009,0.840078810419707,0.9699237283246517,0.7694167484932986,0.7531128822251477,0.7301713481134184,0.9161370486410456,0.627635310233537,0.8947221341277631,0.7301713481134184,0.7301713481134187,0.9647977143565138,0.8547832505306442,0.9724503851485762,0.7531128822251478,0.7492867317887965,0.7556106683170658,0.7240542152050948,0.7240542152050948,0.7492867317887965,0.7240542152050948,0.9580888227968483,0.9545733783290559
p50_F,0.3162365412421725,0.5015557647932571,0.772923011036124,0.5322798024076066,0.8861449914893378,0.877464229651032,0.8861449914893378,0.9981464310853299,0.0,0.877464229651032,0.9279884772344625,0.3923563797498,0.6277287835651828,0.7325408600657073,0.8861449914893378,0.8952865229270761,0.5322798024076065,0.38917138374127735,0.877464229651032,0.8456966500379082,0.41621899264341855,0.5252093762892568,0.3923563797498,0.9050328529503018,0.962660691899351,0.4719826624036777,0.8861449914893378,0.3923563797498,0.8774642296510321,0.9156050527430277,0.9273758882782341,0.4771063956032858,0.4719826624036777,0.8952865229270761,0.58636440835761,0.877464229651032,0.5322798024076066,0.8979216508393784,0.877464229651032,0.5690236615843809,0.3923563797498,0.3923563797498,0.4757903552642443,0.4475149885758136,0.6201391119181991,0.9156050527430277,0.8861449914893378,0.4719826624036777,0.8861449914893378,0.9050328529503018,0.8861449914893378,0.4475149885758136,0.939221025888193,0.9273758882782341,0.2962856151842683,0.8952865229270761,0.5322798024076066,0.877464229651032,0.5495505087037038,0.871967229626751,0.18024393872323208,0.877464229651032,0.8774642296510321,0.5252093762892569,0.7813353991834222,0.5252093762892568,0.5322798024076065,0.8861449914893378,0.7387882757259321,0.3923563797498,0.3923563797498,0.8861449914893378,0.3923563797498,0.4757903552642443,0.5673828478797425
p52_T,0.9162145178446348,0.844425876877299,0.8508103499926474,0.9345611524468465,0.07084267568224367,0.0,0.07084267568224367,0.7301713481134184,0.877464229651032,0.0,0.1646625246113418,0.925541920895006,0.9162145178446348,0.8638647050437744,0.07084267568224367,0.14544563783528885,0.907615744630842,0.9076157446308419,0.0,0.20587744608868475,0.8638647050437744,0.8381110682967294,0.925541920895006,0.22498429006287202,0.1646625246113418,0.9162145178446348,0.07084267568224367,0.925541920895006,0.0,0.3112627682788054,0.9359268293747001,0.9359268293747001,0.9162145178446348,0.46109184367991196,0.8883342659834867,0.0,0.9076157446308419,0.6944413421843634,0.0,0.8861981310228153,0.925541920895006,0.925541920895006,0.8508103499926474,0.857282817147907,0.9695945945945946,0.3112627682788055,0.07084267568224367,0.9162145178446348,0.07084267568224367,0.22498429006287202,0.21792935636574928,0.9698098267043649,0.9162145178446348,0.40732317171597643,0.8845513235673934,0.14544563783528885,0.9076157446308419,0.0,0.9698098267043649,0.275364557107144,0.8995505595332154,0.0,0.0,0.8381110682967294,0.8070815057744158,0.8381110682967294,0.907615744630842,0.07084267568224334,0.701857603000028,0.925541920895006,0.925541920895006,0.07084267568224334,0.925541920895006,0.8508103499926474,0.8256285418842713
p56_G,0.8996986432143701,0.9085725786268476,0.8214019430435118,0.9731890597756607,0.22384006646552435,0.1646625246113418,0.22384006646552435,0.6769824653670207,0.9279884772344625,0.1646625246113418,0.0,0.9108646729031871,0.950761152123418,0.9382687822300341,0.22384006646552435,0.28615871652696434,0.8894048715746001,0.8357829911259216,0.1646625246113418,0.35305683777075636,0.8370295850872898,0.9229202026868053,0.9108646729031871,0.3526003334745704,0.31498079385403344,0.8996986432143701,0.22384006646552435,0.9108646729031871,0.1646625246113418,0.424671979647844,0.9232966645061764,0.9232966645061764,0.8996986432143701,0.4235647851767037,0.7921148509144895,0.1646625246113418,0.8894048715746001,0.8494832634898621,0.1646625246113418,0.9932004119925957,0.9108646729031871,0.9108646729031871,0.8933050568831369,0.8769404036422679,0.9911760125839226,0.42467197964784387,0.22384006646552435,0.8996986432143701,0.22384006646552435,0.3526003334745702,0.22384006646552412,0.8769404036422679,0.8996986432143701,0.504914834539866,0.7947849853151141,0.28615871652696445,0.8894048715746001,0.1646625246113418,0.7789706279011609,0.4178167234275515,0.8641329693812889,0.1646625246113418,0.1646625246113418,0.9867863204605951,0.769053227097438,0.9229202026868053,0.8894048715746001,0.2238400664655238,0.7869048144945211,0.9108646729031871,0.9108646729031871,0.2238400664655238,0.9108646729031871,0.8933050568831369,0.9493954600630743
p56_V,0.11132481201307887,0.5213980473714832,0.5009165910549127,0.19403930023068194,0.9308167304449639,0.925541920895006,0.9308167304449639,0.7240542152050948,0.3923563797498,0.925541920895006,0.9108646729031871,0.0,0.3479201542693371,0.45305823057175565,0.9308167304449639,0.9363715237024223,0.19403930023068217,0.19403930023068194,0.925541920895006,0.9062385538123009,0.45305823057175565,0.5400668944961002,0.0,0.9422938189618884,0.9108646729031871,0.11132481201307887,0.9308167304449639,0.0,0.925541920895006,0.9487179487179487,0.9558704218359313,0.1394732258006589,0.11132481201307887,0.9363715237024222,0.5876403440806077,0.925541920895006,0.19403930023068194,0.7563214878698696,0.925541920895006,0.637302316232266,0.0,0.0,0.5009165910549129,0.47828230899036395,0.3112627682788055,0.9487179487179487,0.9308167304449639,0.11132481201307887,0.9308167304449639,0.9422938189618884,0.9308167304449639,0.47828230899036395,0.9422938189618884,0.9558704218359313,0.35505471863543636,0.9363715237024222,0.19403930023068194,0.925541920895006,0.47828230899036395,0.8972475334524821,0.25875068333889906,0.925541920895006,0.925541920895006,0.5400668944961003,0.8671298503392499,0.5400668944961002,0.19403930023068217,0.9308167304449639,0.7502600104707653,0.0,0.0,0.9308167304449639,0.0,0.5009165910549129,0.5729915898531012
p60_V,0.4259740259740262,0.4614433269902879,0.7092874176747608,0.4844854053140254,0.9221501055838477,0.9162145178446348,0.9221501055838477,0.8973403819365828,0.6277287835651828,0.9162145178446348,0.950761152123418,0.3479201542693371,0.0,0.3845425451033364,0.9221501055838477,0.928400750738059,0.4844854053140253,0.2887807906647204,0.9162145178446348,0.8944930077320006,0.6729283239692014,0.4824508304932341,0.3479201542693371,0.9350649350649349,0.8996986432143701,0.21298701298701328,0.9221501055838477,0.3479201542693371,0.9162145178446348,0.9422938189618884,0.7781955449369337,0.5067333760537774,0.4259740259740262,0.8758946346126357,0.6567753419064026,0.9162145178446348,0.4844854053140255,0.8279991531800515,0.9162145178446348,0.7053141282021521,0.3479201542693371,0.3479201542693371,0.5738417827277746,0.5524627775179404,0.39674452848137054,0.9422938189618881,0.9221501055838477,0.21298701298701328,0.9221501055838477,0.9350649350649352,0.8954587132125955,0.5524627775179403,0.9350649350649349,0.9503422861799105,0.2742620812610609,0.9284007507380592,0.2887807906647205,0.9162145178446348,0.41292645720033994,0.8843756774842799,0.5306763508054818,0.9162145178446348,0.9162145178446348,0.73965708442993,0.9672491250806514,0.4824508304932341,0.2887807906647204,0.9221501055838477,0.8213929679422673,0.3479201542693371,0.3479201542693371,0.9221501055838477,0.3479201542693371,0.5738417827277746,0.6426281397974283
p60_Y,0.5287354345362689,0.2141954780338322,0.8210787739756715,0.45387175790965717,0.8735088935932648,0.8638647050437744,0.8735088935932648,0.9879875004973926,0.7325408600657073,0.8638647050437744,0.9382687822300341,0.45305823057175565,0.3845425451033364,0.0,0.8735088935932648,0.883664989850578,0.5863644083576103,0.4538717579096567,0.8638647050437744,0.7809523809523811,0.7809523809523808,0.15908213412791783,0.45305823057175565,0.8944930077320005,0.8370295850872898,0.3845425451033364,0.8735088935932648,0.45305823057175565,0.8638647050437744,0.9062385538123009,0.8969034777144549,0.5293419634790328,0.3845425451033362,0.851349709253516,0.3278392043128502,0.8638647050437744,0.4538717579096567,0.6236628608713497,0.8638647050437744,0.4904705004517198,0.45305823057175565,0.45305823057175565,0.17919887561339376,0.23505146924026832,0.5547241394140123,0.9062385538123009,0.8735088935932648,0.3845425451033364,0.8735088935932648,0.8944930077320006,0.9969883069903158,0.3295180046654158,0.8944930077320005,0.9193157651678342,0.4830971858818005,0.8836649898505778,0.32137910746170384,0.8638647050437744,0.23505146924026832,0.8121327126744551,0.6325734528185314,0.8638647050437744,0.8638647050437744,0.4202763197397008,0.8361166950828384,0.15908213412791783,0.32137910746170373,0.8735088935932647,0.6127256657336946,0.45305823057175565,0.45305823057175565,0.8735088935932647,0.45305823057175565,0.17919887561339376,0.302638072872194
p64_T,0.9221501055838477,0.8554471640262298,0.8613793439832654,0.9141604924721047,1.1102230246251565e-16,0.07084267568224367,1.1102230246251565e-16,0.7492867317887963,0.8861449914893378,0.07084267568224367,0.22384006646552435,0.9308167304449639,0.9221501055838477,0.8735088935932648,0.0,0.08029099077255175,0.9141604924721048,0.9141604924721047,0.07084267568224367,0.2621352126273784,0.8735088935932649,0.849579713381929,0.9308167304449639,0.3482851696019249,0.22384006646552423,0.9221501055838477,1.1102230246251565e-16,0.9308167304449639,0.07084267568224378,0.2587506833388993,0.9404659442212413,0.9404659442212413,0.9221501055838477,0.41547382969099944,0.8574550891920477,0.07084267568224367,0.9141604924721047,0.716087935081898,0.07084267568224367,0.9064039510765842,0.9308167304449639,0.9308167304449639,0.8613793439832655,0.8673932842469814,0.9533627597832787,0.4613588298929332,1.1102230246251565e-16,0.9221501055838477,1.1102230246251565e-16,0.16589398839836844,0.15619047619047632,0.9868850500903608,0.9221501055838477,0.3621351166561567,0.8927300167098526,0.08029099077255164,0.9141604924721047,0.07084267568224367,0.8673932842469814,0.3266996707758617,0.9066666666666667,0.07084267568224367,0.07084267568224378,0.849579713381929,0.8207483680939456,0.849579713381929,0.9141604924721048,0.0,0.7229788081378236,0.9308167304449639,0.9308167304449639,0.0,0.9308167304449639,0.8613793439832655,0.8379814825398035
p69_R,0.928400750738059,0.8670534544455459,0.8725093337963901,0.9210526315789475,0.08029099077255175,0.14544563783528885,0.08029099077255175,0.7694167484932984,0.8952865229270761,0.14544563783528885,0.28615871652696434,0.9363715237024223,0.928400750738059,0.883664989850578,0.08029099077255175,0.0,0.9210526315789473,0.9210526315789475,0.14544563783528885,0.32137910746170384,0.8836649898505778,0.861657107226785,0.9363715237024222,0.2887807906647204,0.28615871652696456,0.928400750738059,0.08029099077255175,0.9363715237024223,0.14544563783528885,0.19403930023068194,0.9452459925444262,0.9452459925444262,0.928400750738059,0.35964912280701755,0.9323230921218895,0.14544563783528885,0.9210526315789475,0.7388835160664533,0.14544563783528885,0.8245688375051095,0.9363715237024223,0.9363715237024223,0.8725093337963902,0.8780404088378851,0.907615744630842,0.41143659424740564,0.08029099077255175,0.928400750738059,0.08029099077255175,0.09307617601541462,0.08029099077255131,0.8780404088378851,0.928400750738059,0.30644923889606446,0.9013428299483736,0.0,0.9210526315789475,0.14544563783528885,0.8780404088378851,0.38075962129675256,0.9141604924721047,0.14544563783528885,0.14544563783528885,0.8616571072267851,0.8351406592172794,0.861657107226785,0.9210526315789473,0.08029099077255131,0.7452211140974307,0.9363715237024223,0.9363715237024223,0.08029099077255131,0.9363715237024223,0.8725093337963902,0.8509901098301825
p81_V,0.2887807906647206,0.6484302462004436,0.6296699695990382,0.35964912280701755,0.9141604924721048,0.907615744630842,0.9141604924721048,0.7531128822251478,0.5322798024076065,0.907615744630842,0.8894048715746001,0.19403930023068217,0.4844854053140253,0.5863644083576103,0.9141604924721048,0.9210526315789473,0.0,0.35964912280701755,0.907615744630842,0.883664989850578,0.5863644083576103,0.6656713424647305,0.19403930023068194,0.928400750738059,0.8894048715746001,0.2887807906647204,0.9141604924721048,0.19403930023068217,0.9076157446308419,0.9363715237024223,0.9452459925444262,0.30644923889606424,0.2887807906647204,0.9210526315789475,0.7103428342816871,0.907615744630842,0.17982456140350878,0.8854752263449356,0.907615744630842,0.758464341492542,0.19403930023068217,0.19403930023068217,0.6296699695990382,0.6091038744804012,0.46109184367991185,0.9363715237024223,0.9141604924721048,0.2887807906647204,0.9141604924721048,0.928400750738059,0.9141604924721047,0.6091038744804012,0.928400750738059,0.9452459925444262,0.499406211219525,0.9210526315789475,0.35964912280701755,0.907615744630842,0.6091038744804012,0.8725093337963902,0.41547382969099944,0.907615744630842,0.9076157446308419,0.5475034548876097,0.8351406592172794,0.6656713424647305,0.35964912280701744,0.9141604924721047,0.8783488202447193,0.19403930023068217,0.19403930023068217,0.9141604924721047,0.19403930023068217,0.6296699695990382,0.5833241960066216
p84_T,0.2887807906647205,0.40617209652343855,0.6296699695990382,0.35964912280701744,0.9141604924721047,0.9076157446308419,0.9141604924721047,0.8486069560814585,0.38917138374127735,0.9076157446308419,0.8357829911259216,0.19403930023068194,0.2887807906647204,0.4538717579096567,0.9141604924721047,0.9210526315789475,0.35964912280701755,0.0,0.9076157446308419,0.8836649898505778,0.5863644083576103,0.4293355673104886,0.19403930023068194,0.9284007507380592,0.8894048715746001,0.2887807906647205,0.9141604924721047,0.19403930023068194,0.907615744630842,0.9363715237024222,0.9452459925444261,0.30644923889606424,0.2887807906647205,0.899122807017544,0.5993527053615857,0.9076157446308419,0.35964912280701744,0.6976545975506301,0.9076157446308419,0.654222636241955,0.19403930023068194,0.19403930023068194,0.38075962129675267,0.35267601613954436,0.46109184367991185,0.9363715237024222,0.9141604924721047,0.2887807906647205,0.9141604924721047,0.9284007507380592,0.9182480880686712,0.48088994530997276,0.9284007507380592,0.9452459925444261,0.19978073180347478,0.9210526315789473,0.35964912280701744,0.9076157446308419,0.35267601613954436,0.8725093337963901,0.24788241023177515,0.9076157446308419,0.907615744630842,0.5475034548876094,0.8351406592172794,0.4293355673104886,0.35964912280701755,0.9141604924721047,0.7842413038302567,0.19403930023068194,0.19403930023068194,0.9141604924721047,0.19403930023068194,0.38075962129675267,0.47018705717398235
p87_C,0.9162145178446348,0.844425876877299,0.8508103499926474,0.9345611524468465,0.07084267568224367,0.0,0.07084267568224367,0.7301713481134184,0.877464229651032,0.0,0.1646625246113418,0.925541920895006,0.9162145178446348,0.8638647050437744,0.07084267568224367,0.14544563783528885,0.907615744630842,0.9076157446308419,0.0,0.20587744608868475,0.8638647050437744,0.8381110682967294,0.925541920895006,0.22498429006287202,0.1646625246113418,0.9162145178446348,0.07084267568224367,0.925541920895006,0.0,0.3112627682788054,0.9359268293747001,0.9359268293747001,0.9162145178446348,0.46109184367991196,0.8883342659834867,0.0,0.9076157446308419,0.6944413421843634,0.0,0.8861981310228153,0.925541920895006,0.925541920895006,0.8508103499926474,0.857282817147907,0.9695945945945946,0.3112627682788055,0.07084267568224367,0.9162145178446348,0.07084267568224367,0.22498429006287202,0.21792935636574928,0.9698098267043649,0.9162145178446348,0.40732317171597643,0.8845513235673934,0.14544563783528885,0.9076157446308419,0.0,0.9698098267043649,0.275364557107144,0.8995505595332154,0.0,0.0,0.8381110682967294,0.8070815057744158,0.8381110682967294,0.907615744630842,0.07084267568224334,0.701857603000028,0.925541920895006,0.925541920895006,0.07084267568224334,0.925541920895006,0.8508103499926474,0.8256285418842713
p87_V,0.8944930077320006,0.9281674536706828,0.8121327126744551,0.9838423597014692,0.2621352126273784,0.20587744608868475,0.2621352126273784,0.6602178712119607,0.8456966500379082,0.20587744608868475,0.35305683777075636,0.9062385538123009,0.8944930077320006,0.7809523809523811,0.2621352126273784,0.32137910746170384,0.883664989850578,0.8836649898505778,0.20587744608868475,0.0,0.8285714285714286,0.8555999624260062,0.906238553812301,0.3845425451033364,0.35305683777075647,0.8944930077320006,0.2621352126273784,0.9062385538123009,0.20587744608868475,0.45305823057175565,0.9193157651678342,0.9193157651678342,0.8944930077320006,0.45387175790965717,0.6549441612644602,0.20587744608868475,0.9838423597014692,0.8919929286805668,0.20587744608868475,0.8744908953318575,0.9062385538123009,0.9062385538123009,0.8210787739756715,0.8018506817911537,0.9801469361522172,0.4530582305717554,0.2621352126273784,0.8944930077320006,0.2621352126273784,0.3845425451033364,0.3856146260244293,0.7073841463660062,0.8944930077320006,0.5293419634790326,0.8546210835292565,0.32137910746170384,0.8836649898505778,0.20587744608868475,0.8018506817911539,0.45429026062579836,0.8735088935932648,0.20587744608868475,0.20587744608868475,0.9426646909632672,0.7570671009463251,0.8555999624260062,0.883664989850578,0.26213521262737827,0.9019130507098441,0.9062385538123009,0.9062385538123009,0.26213521262737827,0.9062385538123009,0.8210787739756715,0.8861449914893378
p88_I,0.3845425451033365,0.8389209567160765,0.6376845173007348,0.5863644083576103,0.8735088935932649,0.8638647050437744,0.8735088935932649,0.941653573844478,0.41621899264341855,0.8638647050437744,0.8370295850872898,0.45305823057175565,0.6729283239692014,0.7809523809523808,0.8735088935932649,0.8836649898505778,0.5863644083576103,0.5863644083576103,0.8638647050437744,0.8285714285714286,0.0,0.8555999624260062,0.45305823057175565,0.8944930077320006,0.8592528234844776,0.5287354345362687,0.8735088935932649,0.45305823057175565,0.8638647050437744,0.9062385538123008,0.7131227205967442,0.5293419634790328,0.5287354345362687,0.8836649898505777,0.9002728789781678,0.8638647050437744,0.5863644083576103,0.9696230111914093,0.8638647050437744,0.7208827373798026,0.45305823057175565,0.45305823057175565,0.8210787739756716,0.8018506817911539,0.6710063705224548,0.906238553812301,0.8735088935932649,0.5287354345362687,0.8735088935932649,0.8944930077320006,0.8735088935932647,0.8018506817911539,0.817121213402134,0.9193157651678341,0.7038577627447817,0.8836649898505777,0.5863644083576103,0.8638647050437744,0.8018506817911539,0.637684517300735,0.6325734528185312,0.8638647050437744,0.8638647050437744,0.8555999624260062,0.9942158833558647,0.8555999624260062,0.5863644083576103,0.8735088935932648,0.7514003181783977,0.45305823057175565,0.45305823057175565,0.8735088935932648,0.45305823057175565,0.8210787739756716,0.8861449914893378
p93_V,0.611053957461582,0.03900704337307037,0.8962751283724915,0.5475034548876094,0.849579713381929,0.8381110682967294,0.849579713381929,0.909698484653666,0.5252093762892568,0.8381110682967294,0.9229202026868053,0.5400668944961002,0.4824508304932341,0.15908213412791783,0.849579713381929,0.861657107226785,0.6656713424647305,0.4293355673104886,0.8381110682967294,0.8555999624260062,0.8555999624260062,0.0,0.5400668944961002,0.8745335346650265,0.8061993667553963,0.4824508304932341,0.849579713381929,0.5400668944961002,0.8381110682967294,0.8885010653323879,0.93203696184187,0.6042152483732436,0.4824508304932341,0.9020071176189727,0.24930519175790056,0.8381110682967294,0.5475034548876097,0.6553205570819374,0.8381110682967294,0.4169127572337009,0.5400668944961002,0.5400668944961002,0.07844440977098233,0.11842532191340804,0.6433384473412322,0.8885010653323879,0.849579713381929,0.4824508304932341,0.849579713381929,0.8745335346650265,0.9597088517987309,0.20267837972587965,0.8745335346650265,0.9040521814238167,0.28686491894198873,0.8616571072267851,0.4293355673104886,0.8381110682967294,0.20267837972587965,0.7765925841869048,0.379516317700457,0.8381110682967294,0.8381110682967294,0.3106060606060608,0.7816127937050803,0.07765151515151525,0.4293355673104886,0.8495797133819292,0.580689523358555,0.5400668944961002,0.5400668944961002,0.8495797133819292,0.5400668944961002,0.07844440977098233,0.1459315004673576
p94_T,0.11132481201307876,0.5213980473714832,0.5009165910549127,0.19403930023068194,0.9308167304449639,0.925541920895006,0.9308167304449639,0.724054215205095,0.3923563797498,0.925541920895006,0.9108646729031871,0.0,0.3479201542693371,0.45305823057175565,0.9308167304449639,0.9363715237024222,0.19403930023068194,0.19403930023068194,0.925541920895006,0.906238553812301,0.45305823057175565,0.5400668944961002,0.0,0.9422938189618882,0.9108646729031871,0.11132481201307876,0.9308167304449639,0.0,0.925541920895006,0.9487179487179487,0.9558704218359312,0.1394732258006588,0.11132481201307876,0.9363715237024222,0.5876403440806077,0.925541920895006,0.19403930023068194,0.7563214878698697,0.925541920895006,0.6373023162322662,0.0,0.0,0.5009165910549129,0.47828230899036406,0.3112627682788054,0.9487179487179487,0.9308167304449639,0.11132481201307876,0.9308167304449639,0.9422938189618882,0.9308167304449639,0.47828230899036406,0.9422938189618882,0.9558704218359312,0.35505471863543625,0.9363715237024222,0.19403930023068194,0.925541920895006,0.47828230899036406,0.8972475334524821,0.2587506833388993,0.925541920895006,0.925541920895006,0.5400668944961002,0.8671298503392499,0.5400668944961002,0.19403930023068194,0.9308167304449639,0.7502600104707653,0.0,0.0,0.9308167304449639,0.0,0.5009165910549129,0.5729915898531008
p96_T,0.9350649350649349,0.8794276105202137,0.8843756774842799,0.8758946346126357,0.3482851696019249,0.22498429006287202,0.3482851696019249,0.7908785557967428,0.9050328529503018,0.22498429006287202,0.3526003334745704,0.9422938189618884,0.9350649350649349,0.8944930077320005,0.3482851696019249,0.2887807906647204,0.928400750738059,0.9284007507380592,0.22498429006287202,0.3845425451033364,0.8944930077320006,0.8745335346650265,0.9422938189618882,0.0,0.3526003334745702,0.9350649350649349,0.3482851696019249,0.9422938189618884,0.22498429006287202,0.347920154269337,0.9503422861799105,0.9503422861799105,0.9350649350649349,0.4844854053140254,0.860058615798748,0.22498429006287202,0.9284007507380592,0.7631872398855782,0.22498429006287202,0.8408972992640729,0.9422938189618884,0.9422938189618884,0.8843756774842799,0.8893919412116582,0.9162145178446348,0.11132481201307887,0.3482851696019249,0.9350649350649349,0.3482851696019249,0.21298701298701306,0.3482851696019248,0.8893919412116582,0.9350649350649349,0.23527120717062144,0.9105254620732814,0.2887807906647203,0.9284007507380592,0.22498429006287202,0.9710717384707414,0.43839614778078795,0.9221501055838477,0.22498429006287202,0.22498429006287202,0.8745335346650265,0.8504851362377572,0.8745335346650265,0.928400750738059,0.3482851696019249,0.7689349585267096,0.9422938189618884,0.9422938189618884,0.3482851696019249,0.9422938189618884,0.8843756774842799,0.8648593805956661
p96_Y,0.950761152123418,0.8137589564620972,0.8214019430435118,0.9731890597756607,0.22384006646552423,0.1646625246113418,0.22384006646552423,0.6769824653670207,0.962660691899351,0.1646625246113418,0.31498079385403344,0.9108646729031871,0.8996986432143701,0.8370295850872898,0.22384006646552423,0.28615871652696456,0.8894048715746001,0.8894048715746001,0.1646625246113418,0.35305683777075647,0.8592528234844776,0.8061993667553963,0.9108646729031871,0.3526003334745702,0.0,0.8996986432143701,0.22384006646552423,0.9108646729031871,0.1646625246113418,0.424671979647844,0.6955110015245187,0.9232966645061764,0.8996986432143701,0.5609708538264431,0.9617325844966971,0.1646625246113418,0.8894048715746001,0.6342093263881532,0.1646625246113418,0.9135480953344298,0.9108646729031871,0.9108646729031871,0.8214019430435119,0.8291502691344109,0.9911760125839226,0.42467197964784376,0.22384006646552423,0.8996986432143701,0.22384006646552423,0.3526003334745702,0.3518986470486769,0.9271200448755179,0.8996986432143701,0.504914834539866,0.8617939697020156,0.28615871652696434,0.8894048715746001,0.1646625246113418,0.9271200448755179,0.3227190567364344,0.8797498694524051,0.1646625246113418,0.1646625246113418,0.8061993667553963,0.8510343326299491,0.8061993667553963,0.8894048715746001,0.22384006646552412,0.858813477916123,0.9108646729031871,0.9108646729031871,0.22384006646552412,0.9108646729031871,0.8214019430435119,0.7912562727601813
p100_V,0.21298701298701328,0.4614433269902879,0.5738417827277746,0.2887807906647205,0.9221501055838477,0.9162145178446348,0.9221501055838477,0.7934133611810248,0.4719826624036777,0.9162145178446348,0.8996986432143701,0.11132481201307887,0.21298701298701328,0.3845425451033364,0.9221501055838477,0.928400750738059,0.2887807906647204,0.2887807906647205,0.9162145178446348,0.8944930077320006,0.5287354345362687,0.4824508304932341,0.11132481201307876,0.9350649350649349,0.8996986432143701,0.0,0.9221501055838477,0.11132481201307887,0.9162145178446348,0.9422938189618884,0.7781955449369337,0.23527120717062167,0.21298701298701328,0.9284007507380592,0.5359838313326903,0.9162145178446348,0.2887807906647205,0.8279991531800517,0.9162145178446348,0.5918669850687085,0.11132481201307887,0.11132481201307887,0.5738417827277746,0.5524627775179404,0.2249842900628719,0.9422938189618884,0.9221501055838477,2.220446049250313e-16,0.9221501055838477,0.9350649350649352,0.9221501055838477,0.41292645720033994,0.9350649350649349,0.9503422861799105,0.2742620812610609,0.9284007507380592,0.09307617601541496,0.9162145178446348,0.41292645720033994,0.8843756774842799,0.3482851696019248,0.9162145178446348,0.9162145178446348,0.611053957461582,0.9672491250806514,0.4824508304932341,0.09307617601541507,0.9221501055838477,0.7189749495595117,0.11132481201307887,0.11132481201307887,0.9221501055838477,0.11132481201307887,0.5738417827277746,0.6426281397974283
p100_Y,0.9221501055838477,0.8554471640262298,0.8613793439832654,0.9141604924721047,1.1102230246251565e-16,0.07084267568224367,1.1102230246251565e-16,0.7492867317887963,0.8861449914893378,0.07084267568224367,0.22384006646552435,0.9308167304449639,0.9221501055838477,0.8735088935932648,1.1102230246251565e-16,0.08029099077255175,0.9141604924721048,0.9141604924721047,0.07084267568224367,0.2621352126273784,0.8735088935932649,0.849579713381929,0.9308167304449639,0.3482851696019249,0.22384006646552423,0.9221501055838477,0.0,0.9308167304449639,0.07084267568224378,0.2587506833388993,0.9404659442212413,0.9404659442212413,0.9221501055838477,0.41547382969099944,0.8574550891920477,0.07084267568224367,0.9141604924721047,0.716087935081898,0.07084267568224367,0.9064039510765842,0.9308167304449639,0.9308167304449639,0.8613793439832655,0.8673932842469814,0.9533627597832787,0.4613588298929332,1.1102230246251565e-16,0.9221501055838477,1.1102230246251565e-16,0.16589398839836844,0.15619047619047632,0.9868850500903608,0.9221501055838477,0.3621351166561567,0.8927300167098526,0.08029099077255164,0.9141604924721047,0.07084267568224367,0.8673932842469814,0.3266996707758617,0.9066666666666667,0.07084267568224367,0.07084267568224378,0.849579713381929,0.8207483680939456,0.849579713381929,0.9141604924721048,0.0,0.7229788081378236,0.9308167304449639,0.9308167304449639,0.0,0.9308167304449639,0.8613793439832655,0.8379814825398035
p103_M,0.11132481201307887,0.5213980473714832,0.5009165910549127,0.19403930023068194,0.9308167304449639,0.925541920895006,0.9308167304449639,0.7240542152050948,0.3923563797498,0.925541920895006,0.9108646729031871,0.0,0.3479201542693371,0.45305823057175565,0.9308167304449639,0.9363715237024223,0.19403930023068217,0.19403930023068194,0.925541920895006,0.9062385538123009,0.45305823057175565,0.5400668944961002,0.0,0.9422938189618884,0.9108646729031871,0.11132481201307887,0.9308167304449639,0.0,0.925541920895006,0.9487179487179487,0.9558704218359313,0.1394732258006589,0.11132481201307887,0.9363715237024222,0.5876403440806077,0.925541920895006,0.19403930023068194,0.7563214878698696,0.925541920895006,0.637302316232266,0.0,0.0,0.5009165910549129,0.47828230899036395,0.3112627682788055,0.9487179487179487,0.9308167304449639,0.11132481201307887,0.9308167304449639,0.9422938189618884,0.9308167304449639,0.47828230899036395,0.9422938189618884,0.9558704218359313,0.35505471863543636,0.9363715237024222,0.19403930023068194,0.925541920895006,0.47828230899036395,0.8972475334524821,0.25875068333889906,0.925541920895006,0.925541920895006,0.5400668944961003,0.8671298503392499,0.5400668944961002,0.19403930023068217,0.9308167304449639,0.7502600104707653,0.0,0.0,0.9308167304449639,0.0,0.5009165910549129,0.5729915898531012
