,p1_Q,p7_S,p19_L,p19_V,p25_E,p31_M,p35_I,p36_M,p39_L,p42_ILV,p49_I,p52_T,p56_G,p56_V,p60_V,p64_T,p69_R,p84_T,p87_C,p93_V,p94_T,p96_Y,p98_C,p100_V,p103_M,p104_S,p104_V,p108_T,p109_G,p110_R,p111_T,p111_V,p112_M,p122_Q,p124_S,p150_G,p153_S,p154_M,p157_V,p158_L,p162_V,p165_L,p169_V,p179_L,p183_M,p185_T,p185_V,p205_M,p209_S,p209_V,p210_V,p213_F,p217_I,p218_L,p218_T,p218_V,p228_L,p248_R,p255_L,p259_I,p259_L,p271_Y,p277_F,p277_L,p279_R,p282_S,p284_S,p284_T,p286_M,p286_Q,p287_S,p287_T,p288_M,p292_S,p295_S,p301_Y,p303_P,p304_V,p315_S,p319_N,p320_T,p322_F,p326_S
p1_Q,0.0,0.96,0.8964060459434375,0.8,0.9277684881485385,0.1917096231345239,0.1917096231345239,1.1102230246251565e-16,0.9422649730810375,0.9505128340694606,0.8845299461620748,0.1917096231345239,0.38681161132976405,0.96,0.9347671926946557,1.1102230246251565e-16,0.0,0.9505128340694606,0.1917096231345239,0.8845299461620748,0.96,0.38681161132976394,0.9505128340694606,0.9505128340694606,0.96,0.96,0.8786046042666232,0.7470177871865297,0.1917096231345239,1.1102230246251565e-16,0.96,0.96,0.9422649730810375,0.8964060459434375,0.8786046042666231,0.1917096231345239,0.96,0.9505128340694606,0.8218872886876557,1.1102230246251565e-16,0.7754231031279138,0.8606135895125661,0.841886116991581,0.96,0.9347671926946557,0.96,0.9422649730810375,0.7260222093175541,0.9505128340694606,0.7921539030917347,0.8075499102701248,0.1917096231345239,0.8786046042666231,1.1102230246251565e-16,0.9277684881485384,0.7470177871865298,1.1102230246251565e-16,0.7839753100530713,1.1102230246251565e-16,0.7570028414824175,0.8964060459434375,0.96,0.9211189362253385,1.1102230246251565e-16,0.9277684881485384,0.1917096231345239,0.9024099927051465,0.38681161132976405,0.96,0.9505128340694606,0.96,0.1917096231345239,0.1917096231345239,0.8904554884989668,0.8904554884989668,0.9277684881485384,0.0,0.7664503167515431,0.96,0.96,0.0,0.8964060459434375,0.96
p7_S,0.96,0.0,0.6138770803346306,0.8,0.446225075805462,0.9505128340694606,0.9505128340694606,0.96,0.9422649730810375,0.9505128340694606,0.8845299461620749,0.9505128340694606,0.9347671926946557,0.0,0.3868116113297638,0.96,0.96,0.1917096231345241,0.9505128340694606,0.6535898384862247,0.0,0.9347671926946557,0.9505128340694606,0.1917096231345239,0.0,0.96,0.6704982115808344,0.841886116991581,0.9505128340694606,0.96,0.96,0.0,0.30717967697244886,0.6138770803346306,0.8786046042666231,0.9505128340694606,0.96,0.1917096231345239,0.775423103127914,0.96,0.8218872886876556,0.7130279784082243,0.7470177871865298,0.0,0.9347671926946557,0.0,0.9422649730810375,0.3868116113297638,0.1917096231345241,0.8075499102701247,0.7921539030917346,0.9505128340694606,0.8786046042666231,0.96,0.44622507580546167,0.7470177871865298,0.96,0.8148359800454897,0.96,0.7570028414824175,0.6138770803346306,0.96,0.49290744716289003,0.96,0.44622507580546167,0.9505128340694606,0.590121969361616,0.9347671926946557,0.96,0.1917096231345241,0.96,0.9505128340694606,0.9505128340694606,0.8904554884989666,0.6348516283298891,0.44622507580546156,0.96,0.828730232284465,0.0,0.0,0.96,0.613877080334631,0.0
p19_L,0.8964060459434375,0.6138770803346306,0.0,0.4820302297171877,0.8922937799368555,0.8718357201550555,0.8718357201550555,0.8964060459434375,0.4426795709772873,0.5222967751233891,0.9728136376086481,0.8718357201550555,0.849487046497477,0.6138770803346306,0.3703029496323017,0.8964060459434375,0.8964060459434375,0.5222967751233891,0.8718357201550555,0.10285004108538942,0.6138770803346305,0.8310568889257395,0.5222967751233891,0.522296775123389,0.6138770803346306,0.6138770803346307,0.25279976758586264,0.6872977372966766,0.8718357201550556,0.8964060459434375,0.6138770803346307,0.6138770803346306,0.6193909265210742,0.11529933481152987,0.88975734275857,0.8718357201550555,0.6138770803346307,0.7242526100305744,0.4183797815816934,0.8964060459434375,0.7283341299550856,0.45755018414912163,0.9776641240926198,0.6138770803346306,0.6897590142090853,0.6138770803346306,0.6193909265210742,0.5300309819206934,0.5222967751233891,0.690075468738589,0.9329403061013322,0.8718357201550555,0.6856042737929586,0.8964060459434375,0.3027439438017493,0.828758284710085,0.8964060459434375,0.992734139024206,0.8964060459434375,0.3706740881163588,0.11529933481152987,0.6138770803346307,0.3765174335382504,0.8964060459434375,0.3027439438017493,0.8718357201550555,0.05795653632866404,0.9907849212141313,0.6138770803346307,0.5222967751233891,0.6138770803346307,0.8718357201550555,0.8718357201550556,0.8280583470971725,0.05432090903444908,0.30274394380174896,0.8964060459434375,0.5564371887999686,0.6138770803346306,0.6138770803346306,0.8964060459434375,0.9223946784922394,0.6138770803346306
p19_V,0.8,0.8,0.4820302297171877,0.0,0.6388424407426925,0.9175213901157677,0.9175213901157677,0.8,0.7113248654051869,0.7525641703473032,0.9555884408315674,0.9175213901157677,0.9347671926946557,0.8,0.6738359634732789,0.8,0.8,0.7525641703473032,0.9175213901157677,0.6002959674841053,0.7999999999999999,0.8043015780839673,0.7525641703473032,0.7525641703473032,0.8,0.8,0.5664450152379399,0.3675444679663241,0.9175213901157677,0.8,0.8,0.8,0.8556624327025935,0.57620655158679,1.0,0.9175213901157677,0.8,0.9175213901157677,0.3417573712369887,0.8,0.6515186083019351,0.6310359722391454,0.7628291754873715,0.8,0.9347671926946557,0.8,0.7113248654051871,0.8043015780839673,0.7525641703473032,0.4996297667023244,0.5766098025942745,0.9175213901157677,0.4797340182855281,0.8,0.6388424407426923,1.0,0.8,0.6142416250947702,0.8,0.6472621892486707,0.57620655158679,0.8,0.7182819150904944,0.8,0.6388424407426923,0.9175213901157677,0.5120499635257332,0.9347671926946558,0.8,0.7525641703473032,0.8,0.9175213901157677,0.9175213901157677,0.9087129070824723,0.5435645354123615,0.6388424407426923,0.8,0.45505073908693383,0.8,0.8,0.8,0.9529118390651989,0.8
p25_E,0.9277684881485385,0.446225075805462,0.8922937799368555,0.6388424407426925,0.0,0.9106366796898252,0.9106366796898252,0.9277684881485385,0.8957427929714626,0.9106366796898252,0.9304951953143084,0.9106366796898252,0.8822033926504981,0.446225075805462,0.709435035204562,0.9277684881485385,0.9277684881485384,0.5730419140736092,0.9106366796898252,0.9304951953143084,0.4462250758054619,0.8822033926504982,0.9106366796898252,0.5730419140736092,0.446225075805462,0.9277684881485384,0.9478061132998318,0.7144798796399198,0.9106366796898251,0.9277684881485385,0.9277684881485384,0.446225075805462,0.652475976571542,0.8922937799368555,0.7807856758592934,0.9106366796898252,0.9277684881485384,0.5730419140736092,0.7156571103256286,0.9277684881485385,0.6783662395486614,0.8667458522801443,0.5431678074238713,0.446225075805462,0.8822033926504982,0.446225075805462,0.8957427929714626,0.709435035204562,0.5730419140736092,0.9860990390628617,0.7451490494857977,0.9106366796898252,0.9164897812797308,0.9277684881485385,0.7536231884057971,0.961930650618656,0.9277684881485385,0.6656330724547885,0.9277684881485385,0.6838743298205935,0.8922937799368555,0.9277684881485384,0.7897277937145761,0.9277684881485385,0.7536231884057971,0.9106366796898252,0.8707669809107892,0.8822033926504981,0.9277684881485384,0.5730419140736092,0.9277684881485384,0.9106366796898252,0.9106366796898251,0.9450516272170177,0.9120826035472283,0.7536231884057971,0.9277684881485384,0.9343958183365212,0.446225075805462,0.446225075805462,0.9277684881485384,0.8922937799368555,0.446225075805462
p31_M,0.1917096231345239,0.9505128340694606,0.8718357201550555,0.9175213901157677,0.9106366796898252,0.0,0.0,0.1917096231345239,0.9285714285714286,0.9387755102040816,0.8571428571428572,0.0,0.24137611157989958,0.9505128340694606,0.9192953310191383,0.1917096231345239,0.1917096231345239,0.9387755102040816,0.0,0.8571428571428572,0.9505128340694606,0.24137611157989958,0.9387755102040816,0.9387755102040816,0.9505128340694606,0.9505128340694606,0.9642409875484459,0.6870156814256193,0.0,0.1917096231345239,0.9505128340694606,0.9505128340694606,0.9285714285714286,0.8718357201550555,0.8498121477034724,0.0,0.9505128340694606,0.9387755102040816,0.7796426675236943,0.1917096231345239,0.7221581460081361,0.9966187066547774,0.8043848008910122,0.9505128340694606,0.9192953310191383,0.9505128340694606,0.9285714285714286,0.800928483180541,0.9387755102040816,0.7428571428571429,0.7619047619047619,0.0,0.8498121477034724,0.1917096231345239,0.9106366796898251,0.8565488539867423,0.1917096231345239,0.7327387580875757,0.1917096231345239,0.8674637449267268,0.8718357201550555,0.9505128340694606,0.9024099927051468,0.1917096231345239,0.9106366796898251,0.0,0.8792636778959262,0.24137611157989958,0.9505128340694606,0.9387755102040816,0.9505128340694606,0.0,0.0,0.8644738145642124,0.8644738145642124,0.9106366796898251,0.1917096231345239,0.7110572018014678,0.9505128340694606,0.9505128340694606,0.1917096231345239,0.8718357201550555,0.9505128340694606
p35_I,0.1917096231345239,0.9505128340694606,0.8718357201550555,0.9175213901157677,0.9106366796898252,0.0,0.0,0.1917096231345239,0.9285714285714286,0.9387755102040816,0.8571428571428572,0.0,0.24137611157989958,0.9505128340694606,0.9192953310191383,0.1917096231345239,0.1917096231345239,0.9387755102040816,0.0,0.8571428571428572,0.9505128340694606,0.24137611157989958,0.9387755102040816,0.9387755102040816,0.9505128340694606,0.9505128340694606,0.9642409875484459,0.6870156814256193,0.0,0.1917096231345239,0.9505128340694606,0.9505128340694606,0.9285714285714286,0.8718357201550555,0.8498121477034724,0.0,0.9505128340694606,0.9387755102040816,0.7796426675236943,0.1917096231345239,0.7221581460081361,0.9966187066547774,0.8043848008910122,0.9505128340694606,0.9192953310191383,0.9505128340694606,0.9285714285714286,0.800928483180541,0.9387755102040816,0.7428571428571429,0.7619047619047619,0.0,0.8498121477034724,0.1917096231345239,0.9106366796898251,0.8565488539867423,0.1917096231345239,0.7327387580875757,0.1917096231345239,0.8674637449267268,0.8718357201550555,0.9505128340694606,0.9024099927051468,0.1917096231345239,0.9106366796898251,0.0,0.8792636778959262,0.24137611157989958,0.9505128340694606,0.9387755102040816,0.9505128340694606,0.0,0.0,0.8644738145642124,0.8644738145642124,0.9106366796898251,0.1917096231345239,0.7110572018014678,0.9505128340694606,0.9505128340694606,0.1917096231345239,0.8718357201550555,0.9505128340694606
p36_M,1.1102230246251565e-16,0.96,0.8964060459434375,0.8,0.9277684881485385,0.1917096231345239,0.1917096231345239,0.0,0.9422649730810375,0.9505128340694606,0.8845299461620748,0.1917096231345239,0.38681161132976405,0.96,0.9347671926946557,1.1102230246251565e-16,0.0,0.9505128340694606,0.1917096231345239,0.8845299461620748,0.96,0.38681161132976394,0.9505128340694606,0.9505128340694606,0.96,0.96,0.8786046042666232,0.7470177871865297,0.1917096231345239,1.1102230246251565e-16,0.96,0.96,0.9422649730810375,0.8964060459434375,0.8786046042666231,0.1917096231345239,0.96,0.9505128340694606,0.8218872886876557,1.1102230246251565e-16,0.7754231031279138,0.8606135895125661,0.841886116991581,0.96,0.9347671926946557,0.96,0.9422649730810375,0.7260222093175541,0.9505128340694606,0.7921539030917347,0.8075499102701248,0.1917096231345239,0.8786046042666231,1.1102230246251565e-16,0.9277684881485384,0.7470177871865298,1.1102230246251565e-16,0.7839753100530713,1.1102230246251565e-16,0.7570028414824175,0.8964060459434375,0.96,0.9211189362253385,1.1102230246251565e-16,0.9277684881485384,0.1917096231345239,0.9024099927051465,0.38681161132976405,0.96,0.9505128340694606,0.96,0.1917096231345239,0.1917096231345239,0.8904554884989668,0.8904554884989668,0.9277684881485384,0.0,0.7664503167515431,0.96,0.96,0.0,0.8964060459434375,0.96
p39_L,0.9422649730810375,0.9422649730810375,0.4426795709772873,0.7113248654051869,0.8957427929714626,0.9285714285714286,0.9285714285714286,0.9422649730810375,0.0,0.1428571428571429,0.8333333333333334,0.9285714285714286,0.8493512845690581,0.9422649730810375,0.35974295941849677,0.9422649730810375,0.9422649730810374,0.7619047619047619,0.9285714285714286,0.5,0.9422649730810374,0.9058445528556612,0.1428571428571429,0.761904761904762,0.9422649730810375,0.30717967697244875,0.6871086410489007,0.9201237936971634,0.9285714285714286,0.9422649730810375,0.30717967697244875,0.9422649730810375,0.8125,0.6193909265210742,0.5244051343943292,0.9285714285714286,0.30717967697244875,0.9285714285714286,0.6758511703428256,0.9422649730810375,0.7429164454443098,0.8934892596254911,0.9315346803118543,0.9422649730810375,0.3597429594184969,0.9422649730810375,0.27083333333333326,0.6045471219937775,0.761904761904762,0.7222222222222223,0.7,0.9285714285714286,0.8247808389873845,0.9422649730810375,0.20069474611454652,0.6348516283298893,0.9422649730810375,0.8329617238047347,0.9422649730810375,0.6492638127938992,0.6193909265210742,0.30717967697244875,0.2680749452886002,0.9422649730810375,0.20069474611454652,0.9285714285714286,0.5915087768812171,0.8493512845690581,0.30717967697244875,0.7619047619047619,0.30717967697244875,0.9285714285714286,0.9285714285714286,0.9868238430826318,0.4729537233052701,0.20069474611454652,0.9422649730810374,0.7527933837634779,0.9422649730810375,0.9422649730810375,0.9422649730810374,0.9728136376086481,0.9422649730810375
p42_ILV,0.9505128340694606,0.9505128340694606,0.5222967751233891,0.7525641703473032,0.9106366796898252,0.9387755102040816,0.9387755102040816,0.9505128340694606,0.1428571428571429,0.0,0.9523809523809524,0.9387755102040816,0.800928483180541,0.9505128340694606,0.24137611157989958,0.9505128340694606,0.9505128340694606,0.7074829931972788,0.9387755102040816,0.5714285714285714,0.9505128340694606,0.9192953310191383,0.3537414965986392,0.7074829931972788,0.9505128340694606,0.19170962313452378,0.7782941228003639,0.973917973452135,0.9387755102040817,0.9505128340694606,0.19170962313452378,0.9505128340694606,0.7619047619047619,0.7242526100305742,0.5923472580522822,0.9387755102040816,0.19170962313452378,0.9387755102040816,0.7221581460081363,0.9505128340694606,0.779642667523694,0.8207914527032072,0.8565488539867422,0.9505128340694606,0.5211522973802203,0.9505128340694606,0.45238095238095255,0.5211522973802203,0.7074829931972788,0.7619047619047619,0.7428571428571429,0.9387755102040816,0.8498121477034724,0.9505128340694606,0.31488121095532573,0.6870156814256194,0.9505128340694606,0.8981861935571716,0.9505128340694606,0.6993689823947706,0.5222967751233891,0.19170962313452378,0.3726356673902286,0.9505128340694606,0.31488121095532573,0.9387755102040816,0.4929074471628898,0.9192953310191383,0.19170962313452378,0.7074829931972788,0.19170962313452378,0.9387755102040816,0.9387755102040817,0.9397661398063165,0.5482460485473744,0.31488121095532584,0.9505128340694606,0.7881086146544096,0.9505128340694606,0.9505128340694606,0.9505128340694606,0.9262084449377594,0.9505128340694606
p49_I,0.8845299461620748,0.8845299461620749,0.9728136376086481,0.9555884408315674,0.9304951953143084,0.8571428571428572,0.8571428571428572,0.8845299461620748,0.8333333333333334,0.9523809523809524,0.0,0.8571428571428572,0.8116891057113227,0.8845299461620749,0.8870134634267935,0.8845299461620748,0.8845299461620748,0.9523809523809524,0.8571428571428572,0.9743589743589745,0.8845299461620748,0.8116891057113227,0.761904761904762,0.9523809523809524,0.8845299461620749,0.8845299461620749,0.949937382567824,0.7261387212474171,0.8571428571428571,0.8845299461620748,0.8845299461620749,0.8845299461620749,0.6666666666666666,0.9728136376086481,0.3491859733817132,0.8571428571428572,0.8845299461620749,0.9523809523809524,0.8435143580965366,0.8845299461620748,0.6646736244925782,0.9763309465834423,0.5435645354123613,0.8845299461620749,0.8870134634267934,0.8845299461620749,0.8333333333333335,0.8870134634267935,0.761904761904762,0.6222222222222222,0.577777777777778,0.8571428571428572,0.8498121477034724,0.8845299461620748,0.7914855859429253,0.4522774424948335,0.8845299461620748,0.6436516774501009,0.8845299461620748,0.796346730009361,0.9184409128259445,0.8845299461620749,0.8373499878419112,0.8845299461620748,0.7914855859429253,0.8571428571428572,0.9436563830180988,0.9623378211422646,0.8845299461620749,0.9523809523809524,0.8845299461620749,0.8571428571428572,0.8571428571428571,0.7891814893221081,1.0,0.7914855859429253,0.8845299461620748,0.6853733975171539,0.8845299461620749,0.8845299461620749,0.8845299461620748,0.3203409402162044,0.8845299461620749
p52_T,0.1917096231345239,0.9505128340694606,0.8718357201550555,0.9175213901157677,0.9106366796898252,0.0,0.0,0.1917096231345239,0.9285714285714286,0.9387755102040816,0.8571428571428572,0.0,0.24137611157989958,0.9505128340694606,0.9192953310191383,0.1917096231345239,0.1917096231345239,0.9387755102040816,0.0,0.8571428571428572,0.9505128340694606,0.24137611157989958,0.9387755102040816,0.9387755102040816,0.9505128340694606,0.9505128340694606,0.9642409875484459,0.6870156814256193,0.0,0.1917096231345239,0.9505128340694606,0.9505128340694606,0.9285714285714286,0.8718357201550555,0.8498121477034724,0.0,0.9505128340694606,0.9387755102040816,0.7796426675236943,0.1917096231345239,0.7221581460081361,0.9966187066547774,0.8043848008910122,0.9505128340694606,0.9192953310191383,0.9505128340694606,0.9285714285714286,0.800928483180541,0.9387755102040816,0.7428571428571429,0.7619047619047619,0.0,0.8498121477034724,0.1917096231345239,0.9106366796898251,0.8565488539867423,0.1917096231345239,0.7327387580875757,0.1917096231345239,0.8674637449267268,0.8718357201550555,0.9505128340694606,0.9024099927051468,0.1917096231345239,0.9106366796898251,0.0,0.8792636778959262,0.24137611157989958,0.9505128340694606,0.9387755102040816,0.9505128340694606,0.0,0.0,0.8644738145642124,0.8644738145642124,0.9106366796898251,0.1917096231345239,0.7110572018014678,0.9505128340694606,0.9505128340694606,0.1917096231345239,0.8718357201550555,0.9505128340694606
p56_G,0.38681161132976405,0.9347671926946557,0.849487046497477,0.9347671926946557,0.8822033926504981,0.24137611157989958,0.24137611157989958,0.38681161132976405,0.8493512845690581,0.800928483180541,0.8116891057113227,0.24137611157989958,0.0,0.9347671926946557,0.8851063829787235,0.38681161132976405,0.38681161132976394,0.800928483180541,0.24137611157989958,0.8870134634267935,0.9347671926946557,0.44255319148936145,0.9192953310191383,0.9192953310191383,0.9347671926946557,0.9347671926946557,0.9038411701573335,0.7215162635101258,0.24137611157989958,0.38681161132976405,0.9347671926946557,0.9347671926946557,0.9058445528556613,0.849487046497477,0.9490923842009411,0.24137611157989958,0.9347671926946557,0.9192953310191383,0.9722159317538313,0.38681161132976405,0.896441200173371,0.9491885969794418,0.7421446884353018,0.9347671926946557,0.8936170212765957,0.9347671926946557,0.9058445528556613,0.8851063829787235,0.9192953310191383,0.92216483036068,0.8167107295590207,0.24137611157989958,0.8020259385592157,0.38681161132976405,0.9136158212770319,0.8556010255237689,0.38681161132976405,0.9094092337481838,0.38681161132976405,0.7366624448089782,0.849487046497477,0.9347671926946557,0.93751731073907,0.38681161132976405,0.9136158212770319,0.24137611157989958,0.8281161061986078,0.44255319148936156,0.9347671926946557,0.800928483180541,0.9347671926946557,0.24137611157989958,0.24137611157989958,0.8213525997473758,0.8689919064814089,0.9136158212770318,0.38681161132976394,0.8831975552926241,0.9347671926946557,0.9347671926946557,0.38681161132976394,0.9907849212141313,0.9347671926946557
p56_V,0.96,0.0,0.6138770803346306,0.8,0.446225075805462,0.9505128340694606,0.9505128340694606,0.96,0.9422649730810375,0.9505128340694606,0.8845299461620749,0.9505128340694606,0.9347671926946557,0.0,0.3868116113297638,0.96,0.96,0.1917096231345241,0.9505128340694606,0.6535898384862247,0.0,0.9347671926946557,0.9505128340694606,0.1917096231345239,0.0,0.96,0.6704982115808344,0.841886116991581,0.9505128340694606,0.96,0.96,0.0,0.30717967697244886,0.6138770803346306,0.8786046042666231,0.9505128340694606,0.96,0.1917096231345239,0.775423103127914,0.96,0.8218872886876556,0.7130279784082243,0.7470177871865298,0.0,0.9347671926946557,0.0,0.9422649730810375,0.3868116113297638,0.1917096231345241,0.8075499102701247,0.7921539030917346,0.9505128340694606,0.8786046042666231,0.96,0.44622507580546167,0.7470177871865298,0.96,0.8148359800454897,0.96,0.7570028414824175,0.6138770803346306,0.96,0.49290744716289003,0.96,0.44622507580546167,0.9505128340694606,0.590121969361616,0.9347671926946557,0.96,0.1917096231345241,0.96,0.9505128340694606,0.9505128340694606,0.8904554884989666,0.6348516283298891,0.44622507580546156,0.96,0.828730232284465,0.0,0.0,0.96,0.613877080334631,0.0
p60_V,0.9347671926946557,0.3868116113297638,0.3703029496323017,0.6738359634732789,0.709435035204562,0.9192953310191383,0.9192953310191383,0.9347671926946557,0.35974295941849677,0.24137611157989958,0.8870134634267935,0.9192953310191383,0.8851063829787235,0.3868116113297638,0.0,0.9347671926946557,0.9347671926946557,0.24137611157989958,0.9192953310191383,0.43506731713396773,0.3868116113297635,0.8936170212765957,0.5211522973802203,0.24137611157989958,0.3868116113297638,0.38681161132976394,0.6097082788738821,0.8762294504489447,0.9192953310191383,0.9347671926946557,0.38681161132976394,0.3868116113297638,0.3597429594184969,0.5300309819206934,0.7567747245156078,0.9192953310191383,0.38681161132976394,0.5211522973802203,0.6337554640277758,0.9347671926946557,0.709530195608236,0.6710630225511243,0.7215162635101258,0.3868116113297638,0.6638297872340426,0.3868116113297638,0.6045471219937775,0.22127659574468073,0.24137611157989958,0.6861485095188711,0.6610403902803808,0.9192953310191383,0.8020259385592157,0.9347671926946557,0.09689267698715165,0.5874315014964826,0.9347671926946557,0.9597374372214151,0.9347671926946557,0.6037153295669091,0.3703029496323017,0.38681161132976394,0.17302323037004264,0.9347671926946557,0.09689267698715165,0.9192953310191383,0.33156263521680807,0.8936170212765957,0.38681161132976394,0.24137611157989958,0.38681161132976394,0.9192953310191383,0.9192953310191383,0.9761803466329835,0.4045086658245861,0.09689267698715165,0.9347671926946557,0.7206898061345359,0.3868116113297638,0.3868116113297638,0.9347671926946557,0.6897590142090853,0.3868116113297638
p64_T,1.1102230246251565e-16,0.96,0.8964060459434375,0.8,0.9277684881485385,0.1917096231345239,0.1917096231345239,1.1102230246251565e-16,0.9422649730810375,0.9505128340694606,0.8845299461620748,0.1917096231345239,0.38681161132976405,0.96,0.9347671926946557,0.0,0.0,0.9505128340694606,0.1917096231345239,0.8845299461620748,0.96,0.38681161132976394,0.9505128340694606,0.9505128340694606,0.96,0.96,0.8786046042666232,0.7470177871865297,0.1917096231345239,1.1102230246251565e-16,0.96,0.96,0.9422649730810375,0.8964060459434375,0.8786046042666231,0.1917096231345239,0.96,0.9505128340694606,0.8218872886876557,1.1102230246251565e-16,0.7754231031279138,0.8606135895125661,0.841886116991581,0.96,0.9347671926946557,0.96,0.9422649730810375,0.7260222093175541,0.9505128340694606,0.7921539030917347,0.8075499102701248,0.1917096231345239,0.8786046042666231,1.1102230246251565e-16,0.9277684881485384,0.7470177871865298,1.1102230246251565e-16,0.7839753100530713,1.1102230246251565e-16,0.7570028414824175,0.8964060459434375,0.96,0.9211189362253385,1.1102230246251565e-16,0.9277684881485384,0.1917096231345239,0.9024099927051465,0.38681161132976405,0.96,0.9505128340694606,0.96,0.1917096231345239,0.1917096231345239,0.8904554884989668,0.8904554884989668,0.9277684881485384,0.0,0.7664503167515431,0.96,0.96,0.0,0.8964060459434375,0.96
p69_R,0.0,0.96,0.8964060459434375,0.8,0.9277684881485384,0.1917096231345239,0.1917096231345239,0.0,0.9422649730810374,0.9505128340694606,0.8845299461620748,0.1917096231345239,0.38681161132976394,0.96,0.9347671926946557,0.0,0.0,0.9505128340694606,0.1917096231345239,0.8845299461620748,0.96,0.38681161132976394,0.9505128340694606,0.9505128340694606,0.96,0.96,0.8786046042666231,0.7470177871865298,0.1917096231345239,0.0,0.96,0.96,0.9422649730810374,0.8964060459434375,0.8786046042666232,0.1917096231345239,0.96,0.9505128340694606,0.8218872886876558,0.0,0.7754231031279137,0.8606135895125662,0.841886116991581,0.96,0.9347671926946557,0.96,0.9422649730810374,0.7260222093175541,0.9505128340694606,0.7921539030917346,0.8075499102701247,0.1917096231345239,0.8786046042666232,0.0,0.9277684881485384,0.7470177871865297,0.0,0.7839753100530713,0.0,0.7570028414824176,0.8964060459434375,0.96,0.9211189362253385,0.0,0.9277684881485384,0.1917096231345239,0.9024099927051465,0.38681161132976394,0.96,0.9505128340694606,0.96,0.1917096231345239,0.1917096231345239,0.8904554884989667,0.8904554884989667,0.9277684881485384,0.0,0.7664503167515431,0.96,0.96,0.0,0.8964060459434375,0.96
p84_T,0.9505128340694606,0.1917096231345241,0.5222967751233891,0.7525641703473032,0.5730419140736092,0.9387755102040816,0.9387755102040816,0.9505128340694606,0.7619047619047619,0.7074829931972788,0.9523809523809524,0.9387755102040816,0.800928483180541,0.1917096231345241,0.24137611157989958,0.9505128340694606,0.9505128340694606,0.0,0.9387755102040816,0.5714285714285715,0.1917096231345239,0.9192953310191383,0.9387755102040816,0.3537414965986392,0.1917096231345241,0.9505128340694606,0.7782941228003639,0.973917973452135,0.9387755102040817,0.9505128340694606,0.9505128340694606,0.1917096231345241,0.45238095238095266,0.5222967751233891,0.9642409875484459,0.9387755102040816,0.9505128340694606,0.3537414965986392,0.7221581460081363,0.9505128340694606,0.7796426675236943,0.8207914527032072,0.8565488539867421,0.1917096231345241,0.9192953310191383,0.1917096231345241,0.9285714285714286,0.5211522973802203,0.3537414965986393,0.7619047619047621,0.7428571428571429,0.9387755102040816,0.8498121477034724,0.9505128340694606,0.31488121095532584,0.6870156814256194,0.9505128340694606,0.7709189355036363,0.9505128340694606,0.6993689823947706,0.5222967751233891,0.9505128340694606,0.3726356673902286,0.9505128340694606,0.31488121095532584,0.9387755102040816,0.4929074471628899,0.9192953310191383,0.9505128340694606,0.0,0.9505128340694606,0.9387755102040816,0.9387755102040817,0.8644738145642124,0.5482460485473744,0.31488121095532584,0.9505128340694606,0.7881086146544096,0.1917096231345241,0.1917096231345241,0.9505128340694606,0.5222967751233892,0.1917096231345241
p87_C,0.1917096231345239,0.9505128340694606,0.8718357201550555,0.9175213901157677,0.9106366796898252,0.0,0.0,0.1917096231345239,0.9285714285714286,0.9387755102040816,0.8571428571428572,0.0,0.24137611157989958,0.9505128340694606,0.9192953310191383,0.1917096231345239,0.1917096231345239,0.9387755102040816,0.0,0.8571428571428572,0.9505128340694606,0.24137611157989958,0.9387755102040816,0.9387755102040816,0.9505128340694606,0.9505128340694606,0.9642409875484459,0.6870156814256193,0.0,0.1917096231345239,0.9505128340694606,0.9505128340694606,0.9285714285714286,0.8718357201550555,0.8498121477034724,0.0,0.9505128340694606,0.9387755102040816,0.7796426675236943,0.1917096231345239,0.7221581460081361,0.9966187066547774,0.8043848008910122,0.9505128340694606,0.9192953310191383,0.9505128340694606,0.9285714285714286,0.800928483180541,0.9387755102040816,0.7428571428571429,0.7619047619047619,0.0,0.8498121477034724,0.1917096231345239,0.9106366796898251,0.8565488539867423,0.1917096231345239,0.7327387580875757,0.1917096231345239,0.8674637449267268,0.8718357201550555,0.9505128340694606,0.9024099927051468,0.1917096231345239,0.9106366796898251,0.0,0.8792636778959262,0.24137611157989958,0.9505128340694606,0.9387755102040816,0.9505128340694606,0.0,0.0,0.8644738145642124,0.8644738145642124,0.9106366796898251,0.1917096231345239,0.7110572018014678,0.9505128340694606,0.9505128340694606,0.1917096231345239,0.8718357201550555,0.9505128340694606
p93_V,0.8845299461620748,0.6535898384862247,0.10285004108538942,0.6002959674841053,0.9304951953143084,0.8571428571428572,0.8571428571428572,0.8845299461620748,0.5,0.5714285714285714,0.9743589743589745,0.8571428571428572,0.8870134634267935,0.6535898384862247,0.43506731713396773,0.8845299461620748,0.8845299461620748,0.5714285714285715,0.8571428571428572,0.0,0.6535898384862247,0.8116891057113227,0.5714285714285714,0.5714285714285715,0.6535898384862247,0.6535898384862247,0.3491859733817133,0.7261387212474171,0.8571428571428572,0.8845299461620748,0.6535898384862247,0.6535898384862247,0.6666666666666667,0.10285004108538942,0.9499373825678241,0.8571428571428572,0.6535898384862247,0.5714285714285715,0.4411227074876303,0.8845299461620748,0.6646736244925782,0.45561177141917675,1.0,0.6535898384862247,0.7363647479958515,0.6535898384862247,0.6666666666666667,0.5857160325649098,0.5714285714285716,0.8,0.9777777777777779,0.8571428571428572,0.7496869128391206,0.8845299461620748,0.37445675782877574,0.9087129070824722,0.8845299461620748,0.9109129193625252,0.8845299461620748,0.38904019002808266,0.10285004108538942,0.6535898384862247,0.3168699489360267,0.8845299461620748,0.37445675782877574,0.8571428571428572,0.15484574527148354,0.8870134634267935,0.6535898384862247,0.5714285714285715,0.6535898384862247,0.8571428571428572,0.8571428571428572,0.7891814893221081,0.051316701949486565,0.37445675782877585,0.8845299461620748,0.5954800825220548,0.6535898384862247,0.6535898384862247,0.8845299461620748,0.9728136376086481,0.6535898384862247
p94_T,0.96,0.0,0.6138770803346305,0.7999999999999999,0.4462250758054619,0.9505128340694606,0.9505128340694606,0.96,0.9422649730810374,0.9505128340694606,0.8845299461620748,0.9505128340694606,0.9347671926946557,0.0,0.3868116113297635,0.96,0.96,0.1917096231345239,0.9505128340694606,0.6535898384862247,0.0,0.9347671926946557,0.9505128340694606,0.1917096231345239,0.0,0.96,0.6704982115808342,0.8418861169915809,0.9505128340694606,0.96,0.96,0.0,0.30717967697244886,0.6138770803346305,0.8786046042666232,0.9505128340694606,0.96,0.1917096231345239,0.7754231031279138,0.96,0.8218872886876557,0.7130279784082243,0.7470177871865298,0.0,0.9347671926946557,0.0,0.9422649730810374,0.3868116113297635,0.1917096231345239,0.8075499102701248,0.7921539030917346,0.9505128340694606,0.8786046042666232,0.96,0.44622507580546156,0.7470177871865297,0.96,0.8148359800454896,0.96,0.7570028414824176,0.6138770803346305,0.96,0.49290744716289003,0.96,0.44622507580546156,0.9505128340694606,0.5901219693616158,0.9347671926946557,0.96,0.1917096231345239,0.96,0.9505128340694606,0.9505128340694606,0.8904554884989667,0.6348516283298888,0.44622507580546167,0.96,0.8287302322844649,0.0,0.0,0.96,0.6138770803346307,0.0
p96_Y,0.38681161132976394,0.9347671926946557,0.8310568889257395,0.8043015780839673,0.8822033926504982,0.24137611157989958,0.24137611157989958,0.38681161132976394,0.9058445528556612,0.9192953310191383,0.8116891057113227,0.24137611157989958,0.44255319148936145,0.9347671926946557,0.8936170212765957,0.38681161132976394,0.38681161132976394,0.9192953310191383,0.24137611157989958,0.8116891057113227,0.9347671926946557,0.0,0.9192953310191382,0.9192953310191382,0.9347671926946557,0.9347671926946558,0.7567747245156077,0.8556010255237689,0.24137611157989958,0.38681161132976394,0.9347671926946558,0.9347671926946557,0.9058445528556613,0.8310568889257395,0.9038411701573332,0.24137611157989958,0.9347671926946558,0.9192953310191383,0.7095301956082363,0.38681161132976394,0.6337554640277758,0.810125809765283,0.9896857875374121,0.9347671926946557,0.6638297872340425,0.9347671926946557,0.9058445528556613,0.8851063829787233,0.9192953310191383,0.92216483036068,0.9472729495991703,0.24137611157989958,0.8020259385592157,0.38681161132976394,0.8822033926504981,0.989685787537412,0.38681161132976394,0.9094092337481838,0.38681161132976394,0.7366624448089782,0.8310568889257395,0.9347671926946558,0.8713591691686734,0.38681161132976394,0.8822033926504981,0.24137611157989958,0.8408482464801924,0.44255319148936145,0.9347671926946558,0.9192953310191383,0.9347671926946558,0.24137611157989958,0.24137611157989958,0.8689919064814089,0.8213525997473758,0.8822033926504982,0.38681161132976394,0.8831975552926241,0.9347671926946557,0.9347671926946557,0.38681161132976394,0.8310568889257395,0.9347671926946557
p98_C,0.9505128340694606,0.9505128340694606,0.5222967751233891,0.7525641703473032,0.9106366796898252,0.9387755102040816,0.9387755102040816,0.9505128340694606,0.1428571428571429,0.3537414965986392,0.761904761904762,0.9387755102040816,0.9192953310191383,0.9505128340694606,0.5211522973802203,0.9505128340694606,0.9505128340694606,0.9387755102040816,0.9387755102040816,0.5714285714285714,0.9505128340694606,0.9192953310191382,0.0,0.7074829931972788,0.9505128340694606,0.19170962313452378,0.5923472580522822,0.8043848008910122,0.9387755102040817,0.9505128340694606,0.19170962313452378,0.9505128340694606,0.761904761904762,0.7242526100305742,0.5923472580522822,0.9387755102040816,0.19170962313452378,0.9387755102040816,0.7221581460081363,0.9505128340694606,0.779642667523694,0.8207914527032072,0.8565488539867422,0.9505128340694606,0.24137611157989958,0.9505128340694606,0.14285714285714302,0.5211522973802203,0.7074829931972788,0.7619047619047619,0.7428571428571429,0.9387755102040816,0.8498121477034724,0.9505128340694606,0.31488121095532573,0.6870156814256194,0.9505128340694606,0.7327387580875755,0.9505128340694606,0.6993689823947706,0.7242526100305744,0.19170962313452378,0.3726356673902286,0.9505128340694606,0.31488121095532573,0.9387755102040816,0.7021837388099512,0.800928483180541,0.19170962313452378,0.9387755102040816,0.19170962313452378,0.9387755102040816,0.9387755102040817,0.9397661398063165,0.5482460485473744,0.31488121095532584,0.9505128340694606,0.7881086146544096,0.9505128340694606,0.9505128340694606,0.9505128340694606,0.8718357201550555,0.9505128340694606
p100_V,0.9505128340694606,0.1917096231345239,0.522296775123389,0.7525641703473032,0.5730419140736092,0.9387755102040816,0.9387755102040816,0.9505128340694606,0.761904761904762,0.7074829931972788,0.9523809523809524,0.9387755102040816,0.9192953310191383,0.1917096231345239,0.24137611157989958,0.9505128340694606,0.9505128340694606,0.3537414965986392,0.9387755102040816,0.5714285714285715,0.1917096231345239,0.9192953310191382,0.7074829931972788,0.0,0.1917096231345239,0.6205983945325316,0.5923472580522822,0.8043848008910122,0.9387755102040817,0.9505128340694606,0.6205983945325316,0.1917096231345239,0.45238095238095255,0.7242526100305744,0.9642409875484459,0.9387755102040816,0.6205983945325316,0.35374149659863907,0.7221581460081363,0.9505128340694606,0.779642667523694,0.6449641987516368,0.6870156814256192,0.1917096231345239,0.800928483180541,0.1917096231345239,0.761904761904762,0.24137611157989958,0.3537414965986392,0.7619047619047621,0.7428571428571429,0.9387755102040816,0.8498121477034724,0.9505128340694606,0.3148812109553256,0.6870156814256192,0.9505128340694606,0.9363663709732324,0.9505128340694606,0.6993689823947706,0.522296775123389,0.6205983945325316,0.37263566739022846,0.9505128340694606,0.3148812109553256,0.9387755102040816,0.4929074471628897,0.9192953310191383,0.6205983945325316,0.3537414965986392,0.6205983945325316,0.9387755102040816,0.9387755102040817,0.8644738145642124,0.5482460485473744,0.3148812109553256,0.9505128340694606,0.7881086146544096,0.1917096231345239,0.1917096231345239,0.9505128340694606,0.7242526100305744,0.1917096231345239
p103_M,0.96,0.0,0.6138770803346306,0.8,0.446225075805462,0.9505128340694606,0.9505128340694606,0.96,0.9422649730810375,0.9505128340694606,0.8845299461620749,0.9505128340694606,0.9347671926946557,0.0,0.3868116113297638,0.96,0.96,0.1917096231345241,0.9505128340694606,0.6535898384862247,0.0,0.9347671926946557,0.9505128340694606,0.1917096231345239,0.0,0.96,0.6704982115808344,0.841886116991581,0.9505128340694606,0.96,0.96,0.0,0.30717967697244886,0.6138770803346306,0.8786046042666231,0.9505128340694606,0.96,0.1917096231345239,0.775423103127914,0.96,0.8218872886876556,0.7130279784082243,0.7470177871865298,0.0,0.9347671926946557,0.0,0.9422649730810375,0.3868116113297638,0.1917096231345241,0.8075499102701247,0.7921539030917346,0.9505128340694606,0.8786046042666231,0.96,0.44622507580546167,0.7470177871865298,0.96,0.8148359800454897,0.96,0.7570028414824175,0.6138770803346306,0.96,0.49290744716289003,0.96,0.44622507580546167,0.9505128340694606,0.590121969361616,0.9347671926946557,0.96,0.1917096231345241,0.96,0.9505128340694606,0.9505128340694606,0.8904554884989666,0.6348516283298891,0.44622507580546156,0.96,0.828730232284465,0.0,0.0,0.96,0.613877080334631,0.0
p104_S,0.96,0.96,0.6138770803346307,0.8,0.9277684881485384,0.9505128340694606,0.9505128340694606,0.96,0.30717967697244875,0.19170962313452378,0.8845299461620749,0.9505128340694606,0.9347671926946557,0.96,0.38681161132976394,0.96,0.96,0.9505128340694606,0.9505128340694606,0.6535898384862247,0.96,0.9347671926946558,0.19170962313452378,0.6205983945325316,0.96,0.0,0.6704982115808344,0.841886116991581,0.9505128340694606,0.96,0.0,0.96,0.6824573519457058,0.8587355171955966,0.6704982115808344,0.9505128340694606,0.0,0.9505128340694606,0.775423103127914,0.96,0.8218872886876558,0.7130279784082243,0.7470177871865298,0.96,0.38681161132976394,0.96,0.30717967697244886,0.38681161132976394,0.6205983945325316,0.8075499102701247,0.7921539030917346,0.9505128340694606,0.8786046042666231,0.96,0.44622507580546167,0.7470177871865298,0.96,0.7839753100530713,0.96,0.7570028414824175,0.6138770803346307,0.0,0.49290744716289003,0.96,0.44622507580546167,0.9505128340694606,0.590121969361616,0.9347671926946557,0.0,0.9505128340694606,0.0,0.9505128340694606,0.9505128340694606,0.8721980699154612,0.6348516283298891,0.44622507580546156,0.96,0.828730232284465,0.96,0.96,0.96,0.8964060459434375,0.96
p104_V,0.8786046042666232,0.6704982115808344,0.25279976758586264,0.5664450152379399,0.9478061132998318,0.9642409875484459,0.9642409875484459,0.8786046042666232,0.6871086410489007,0.7782941228003639,0.949937382567824,0.9642409875484459,0.9038411701573335,0.6704982115808344,0.6097082788738821,0.8786046042666232,0.8786046042666231,0.7782941228003639,0.9642409875484459,0.3491859733817133,0.6704982115808342,0.7567747245156077,0.5923472580522822,0.5923472580522822,0.6704982115808344,0.6704982115808344,0.0,0.6092589458112043,0.9642409875484458,0.8786046042666232,0.6704982115808344,0.6704982115808344,0.6871086410489007,0.35895936344798063,0.8796992481203008,0.9642409875484459,0.6704982115808344,0.7782941228003639,0.5803170987013445,0.8786046042666232,0.9832126839480537,0.31392277038475824,0.9451591502892918,0.6704982115808344,0.46264183323215635,0.6704982115808344,0.6871086410489007,0.6097082788738821,0.5923472580522822,0.6762617406052627,0.889862241649213,0.9642409875484459,0.6315789473684212,0.8786046042666232,0.5406937970385193,0.9657244689308073,0.8786046042666232,0.9598606080750702,0.8786046042666232,0.35089186427619257,0.35895936344798063,0.6704982115808344,0.6042654927671549,0.8786046042666232,0.5406937970385193,0.9642409875484459,0.30610560033934897,0.9038411701573332,0.6704982115808344,0.7782941228003639,0.6704982115808344,0.9642409875484459,0.9642409875484458,0.976253215492701,0.30342765445256603,0.5406937970385194,0.8786046042666231,0.5679717147222672,0.6704982115808344,0.6704982115808344,0.8786046042666231,0.8979234655171944,0.6704982115808344
