,p1_P,p1_Q,p7_S,p14_N,p14_S,p19_L,p19_V,p25_E,p27_T,p31_M,p32_V,p35_I,p35_W,p36_M,p37_Y,p39_I,p39_L,p41_G,p42_LI,p48_VF,p49_C,p49_I,p49_M,p50_F,p52_T,p56_G,p56_V,p60_V,p60_Y,p64_T,p69_R,p81_V,p83_N,p84_L,p84_T,p86_TV,p87_C,p87_V,p88_C,p88_I,p93_V,p94_T,p95_L,p96_T,p96_Y,p98_C,p99_M,p100_MS,p100_V,p100_Y,p103_M,p104_S,p104_V,p105_MH,p108_L,p108_T,p109_G,p110_R,p111_T,p111_V,p112_M,p112_V,p119_I,p119_L,p122_Q,p123_V,p124_S,p133_V,p150_G,p153_S,p154_G,p154_M,p157_I,p157_V,p158_L,p162_M,p162_V,p165_C,p165_L,p166_S,p169_V,p179_L,p183_M,p185_T,p185_V,p195_N,p198_Y,p205_M,p209_S,p209_T,p209_V,p210_V,p213_F,p217_T,p218_L,p218_T,p228_L,p228_M,p241_E,p248_R,p255_L,p259_F,p259_I,p259_L,p263_I,p263_L,p269_G,p271_Y,p273_F,p273_G,p277_F,p277_L,p277_T,p279_R,p282_S,p284_S,p284_T,p286_L,p286_M,p286_Q,p287_S,p287_T,p288_M,p289_S,p290_V,p292_S,p295_S,p301_Y,p303_P,p304_V,p315_N,p315_S,p319_N,p319_T,p320_T,p322_F,p326_S,p332_GAP,p333_S,p334_S,p336_T,p337_T,p338_V,p348_T,p350_Q,p352_S
p1_P,0.0,0.950304146609142,0.9533214547253983,0.8501945348096828,0.973641077192322,0.9947267900539416,0.945452600961713,0.9393540868568597,0.7152608738249294,0.6459427429511575,0.8942006223612653,0.5306939336769297,0.8244530583780467,0.7695067528667718,0.9698371464800095,0.8350591138589459,0.8170411127006229,0.8865953321065012,0.9635036496350364,0.8015984749736985,0.6490595951574225,0.9762040674554986,0.9053215131135175,0.9393540868568597,0.5306939336769297,0.6261593709458719,0.9598735361097364,0.9393540868568597,0.843287902035216,0.7695067528667718,0.7539158704719584,0.9368193991705691,0.9160124029567831,0.9368193991705691,0.950304146609142,0.9674751598317539,0.5306939336769297,0.6870351918907587,0.9026164134881893,0.9802811728681143,0.9793964173990524,0.9674751598317539,0.884521842147338,0.45524966198493333,0.5139281461558378,0.8670088970906068,0.9037418682687688,0.8015984749736986,0.9533214547253983,0.7956699234100353,0.9598735361097364,0.9598735361097364,0.843287902035216,0.9674751598317539,0.9468226206174242,0.8771940963828957,0.5306939336769299,0.9533214547253983,0.9635036496350364,0.9674751598317539,0.9533214547253983,0.9419578267133046,0.8291970802919708,0.9719550864380662,0.9823452566175201,0.6839545153506089,0.9879900637971623,0.7546300617523501,0.5306939336769297,0.9598735361097364,0.09046681848735949,0.950304146609142,0.9160124029567831,0.911399761344603,0.769506752866772,0.9674751598317539,0.9482098482692328,0.9419578267133046,0.9894299905134929,0.8634846740145359,0.8677584235201412,0.8670088970906068,0.9281579182765878,0.9598735361097364,0.8928778271352616,0.9095554509043662,0.9116737334035201,0.9762040674554985,0.9446413598588317,0.9124326965039701,0.8853758920148694,0.9088570339317643,0.42242374836847296,0.8698796842877119,0.7695067528667718,0.9472404430528053,0.7695067528667718,0.7360598008796655,0.8435582434708793,0.8142675301812698,0.7539158704719584,0.7539158704719584,0.7700939685715302,0.9823452566175201,0.9366236281045344,0.9719550864380662,0.9674751598317539,0.9635036496350364,0.8342142773626009,0.10881937939005648,0.9719550864380662,0.7539158704719584,0.8764378818715182,0.9413481078992427,0.5306939336769297,0.9952002131449856,0.626159370945872,0.6783481128732083,0.9564982373660864,0.9446413598588317,0.950304146609142,0.5306939336769297,0.5306939336769299,0.8765747486930118,0.8886672244287304,0.9011273135114031,0.9823452566175201,0.935014239146871,0.7695067528667718,0.8853758920148694,0.8656270520977926,0.9598735361097364,0.9598735361097364,0.8706096167892734,0.7695067528667718,0.9226500920714742,0.9598735361097364,0.9160124029567831,0.9074326820818672,0.8990412241246406,0.8740954720491771,0.88036599872624,0.9053215131135175,0.9008509708041516,0.9398834744238197,0.8342142773626007
p1_Q,0.950304146609142,0.0,0.9364393940964553,0.9453611430555957,0.8455806760644051,0.8653683866205264,0.7609951301750955,0.9174204988121359,0.9364393940964553,0.14379750831539995,0.6359686867967516,0.18055725744350248,0.6525190162674686,0.10229273580185272,0.750635842120174,0.29461538999504344,0.9105996532451825,0.8455806760644051,0.950304146609142,0.9557120185333943,0.375577603097908,0.8886177077018345,0.8710794872219378,0.9174204988121359,0.18055725744350248,0.33813229694190017,0.9453611430555957,0.9174204988121359,0.8512223935102514,0.10229273580185272,0.16785761413344225,0.9139690997985394,0.8856369125249015,0.9139690997985392,0.9323308270676691,0.9557120185333945,0.18055725744350248,0.4372462978146585,0.8710794872219381,0.8856369125249015,0.8512223935102514,0.9557120185333944,0.9613789796997187,0.39379302291556695,0.3381322969419003,0.9407651122240908,0.7643659109032042,0.9557120185333945,0.9364393940964553,0.1805572574435027,0.9453611430555957,0.9453611430555957,0.8512223935102514,0.8695964990149945,0.8170288740691132,0.728633122307248,0.18055725744350237,0.060715490536505934,0.950304146609142,0.9557120185333943,0.9364393940964553,0.24771268251985612,0.950304146609142,0.8916291707855872,0.9217750243590881,0.8427572744917122,0.8797534824390294,0.5451656030170542,0.18055725744350248,0.9453611430555957,0.9109588997943043,0.9323308270676691,0.8856369125249015,0.7742551547182935,0.10229273580185272,0.9557120185333943,0.7208547368804588,0.9209659238444985,0.7992579450013131,0.8752138524480593,0.8199310908844197,0.9407651122240908,0.9174204988121359,0.9453611430555957,0.9323308270676691,0.876844697979067,0.8653683866205264,0.5522206834881831,0.9672591922302627,0.924620000716186,0.971096334349196,0.7709943035150513,0.5931495405179614,0.8228195403610055,0.10229273580185272,0.9073020450681357,0.10229273580185272,0.9323308270676691,0.7869785192509822,0.7470943396330805,0.16785761413344225,0.16785761413344225,0.6869446857757155,0.9217750243590881,0.8052579102158341,0.8916291707855872,0.3455220516601619,0.950304146609142,0.7742551547182936,0.9557120185333943,0.8916291707855872,0.16785761413344225,0.6681950066876545,0.9105996532451825,0.18055725744350248,0.8739541950347816,0.33813229694190017,0.42319260847550433,0.9407651122240908,0.924620000716186,0.9323308270676691,0.18055725744350248,0.18055725744350237,0.4082953300201423,0.8484019021885931,0.8653683866205264,0.8540436430114693,0.9139690997985394,0.10229273580185261,0.7398670091427639,0.8170288740691134,0.9453611430555957,0.9453611430555957,0.3924602238281878,0.10229273580185261,0.8946752306525809,0.9453611430555957,0.8856369125249015,0.8739541950347816,0.8625278288308276,0.828560036833274,0.8370984022125678,0.8710794872219378,0.8082274148379258,0.7676984201861496,0.7742551547182934
p7_S,0.9533214547253983,0.9364393940964553,0.0,0.9486785680573293,0.8549563210654703,0.6775336582248845,0.8566694887017821,0.44212400570954635,0.2649253731343274,0.9257645165473793,0.8253979710035073,0.922434353735017,0.9444072051321638,0.9291967343493444,0.8673879442292751,0.909892270114742,0.916027639152535,0.8549563210654703,0.9533214547253983,0.9584009850530111,0.9297157096760587,0.5981653899652242,0.8789069593954759,0.23031012552439956,0.922434353735017,0.903967808657427,0.14036601496026269,0.44212400570954635,0.7145219476897813,0.9291967343493444,0.9327479342790435,0.46609335712607614,0.8925805234802215,0.46609335712607614,0.31142676937826475,0.9584009850530109,0.922434353735017,0.8870543087380505,0.8789069593954759,0.44422096931071064,0.7145219476897813,0.3032164996379336,0.8523043437042452,0.9327479342790435,0.9166036233077657,0.9443615874922799,0.901440120015319,0.9584009850530111,0.2649253731343274,0.922434353735017,0.14036601496026269,0.9486785680573293,0.5727810965427496,0.9584009850530111,0.8473354005722448,0.8269154337018461,0.922434353735017,0.9402985074626866,0.9533214547253983,0.3032164996379336,0.5298507462686571,0.9257645165473793,0.9533214547253983,0.9297157096760582,0.7076660433724651,0.7337591458879156,0.9525628096699811,0.8602554988691238,0.922434353735017,0.9486785680573293,0.9486785680573293,0.31142676937826463,0.6100205961129774,0.8418400336061072,0.9291967343493444,0.9584009850530111,0.7723027602430583,0.4153955678106125,0.6833717483665269,0.6580710265485357,0.6470206532836428,0.2091397079259788,0.8657517660798375,0.14036601496026269,0.9364393940964553,0.641843525790457,0.6775336582248846,0.598165389965224,0.3852989209420349,0.9291967343493444,0.7556611112873894,0.845612630705147,0.9364393940964553,0.6412662771445027,0.9291967343493444,0.5075117088785447,0.9291967343493444,0.9364393940964553,0.7016234903632468,0.7486785949696422,0.9327479342790435,0.9327479342790435,0.8302222815247535,0.7076660433724651,0.9444072051321639,0.8982089588411881,0.9584009850530111,0.9533214547253983,0.78796136373566,0.9584009850530111,0.5855650467105517,0.9327479342790435,0.7621985521325787,0.4877685988304643,0.922434353735017,0.6513987655225353,0.903967808657427,0.9471987978836057,0.9443615874922799,0.38529892094203466,0.9364393940964553,0.922434353735017,0.922434353735017,0.8925805234802215,0.7211455828289939,0.8735426110685822,0.7076660433724651,0.46609335712607614,0.9291967343493444,0.7556611112873894,0.6526194743560061,0.14036601496026269,0.14036601496026269,0.598165389965224,0.9291967343493444,0.5721280773555895,0.14036601496026269,0.6100205961129774,0.6513987655225353,0.6855169740308196,0.8389690982945022,0.8469890526314123,0.8789069593954759,0.8198709814174949,0.7818027245569525,0.8418400336061073
p14_N,0.8501945348096828,0.9453611430555957,0.9486785680573293,0.0,0.6461656769900568,0.5941602750432857,0.7713901939134851,0.9333219343990504,0.9486785680573293,0.9361846555282725,0.849906162017722,0.9333219343990504,0.8427572744917122,0.9391351065949001,0.780887287856598,0.9225403330758517,0.38882947407069257,0.7259188101129328,0.09046681848735949,0.18944165483422737,0.9124969616473071,0.799691080823633,0.8959043069445545,0.9333219343990504,0.9333219343990504,0.9174474646640858,0.9558823529411764,0.45973669923333116,0.6327481115367386,0.9391351065949001,0.94218783874214,0.9305351337217236,0.9076585673284205,0.9305351337217236,0.9453611430555957,0.9642400730073923,0.9333219343990504,0.9029080453274227,0.6641674664520748,0.997323436734157,0.6327481115367386,0.9642400730073923,0.8730357944054215,0.9421878387421398,0.9797239386894245,0.07758993059786434,0.768119896599684,0.4010212228738228,0.7476696262818692,0.9333219343990504,0.9558823529411764,0.17401960784313697,0.6327481115367388,0.4010212228738227,0.9245591312207468,0.7986531834357926,0.9333219343990504,0.9486785680573293,0.09046681848735949,0.9642400730073923,0.5958437234514682,0.9361846555282725,0.2803987475679399,0.6930448972072198,0.707682980980071,0.6525190162674691,0.5456096521323384,0.9611010460817728,0.9333219343990504,0.17401960784313697,0.8700980392156862,0.9453611430555957,0.9076585673284205,0.757961884461988,0.9391351065949001,0.4010212228738226,0.8042637144051923,0.6862412230140063,0.8001942190162628,0.7800708346231899,0.7713716312061549,0.9521713297347041,0.3383484259598075,0.9558823529411764,0.19255911404380444,0.9005593738260151,0.9371914711376513,0.6061953901906799,0.6680096723358181,0.6680096723358179,0.7899579873957985,0.761408306504745,0.9453611430555957,0.8569372526949643,0.9391351065949001,0.4105710640049679,0.9391351065949001,0.33623907119390484,0.8279977468563122,0.8658354280970033,0.9421878387421398,0.9209900462809245,0.747226339729449,0.7076829809800711,0.8427572744917122,0.495815826634484,0.9642400730073923,0.09046681848735949,0.817724382125695,0.9642400730073923,0.495815826634484,0.9421878387421398,0.6812945130461339,0.38882947407069246,0.9333219343990504,0.6557256421923865,0.9797239386894245,0.9052736533073991,0.23929638720910262,0.9391351065949001,0.33623907119390484,0.9333219343990504,0.9333219343990504,0.9076585673284205,0.8775934975938835,0.7656758730904684,0.6256493511365336,0.3648926511700439,0.9391351065949,0.7899579873957985,0.8522616319739623,0.9558823529411764,0.9558823529411764,0.6061953901906798,0.9391351065949,0.9149564749249879,0.9558823529411764,0.9076585673284205,0.8982254635678224,0.8889993483168417,0.8615723642523614,0.8684665895588359,0.8959043069445545,0.9184482862722356,0.8828929332124738,0.8177243821256948
p14_S,0.973641077192322,0.8455806760644051,0.8549563210654703,0.6461656769900568,0.0,0.9285907362002254,0.5471227420016577,0.854651060720864,0.8549563210654706,0.8196462572401878,0.3727875582238078,0.8115556878887751,0.47459007239872253,0.8279847673132894,0.8163503092136086,0.9293485532983317,0.8908274516901244,0.1462033462033463,0.6781759424643949,0.7131966366782094,0.7527005362048099,0.7664369580783497,0.7058066832806371,0.8671878964538353,0.8115556878887751,0.7666915559981033,0.8753155242726868,0.910283269285924,0.8838598711185768,0.8279847673132894,0.8366123422790857,0.8036796835101707,0.999693332968195,0.8036796835101709,0.8455806760644051,0.898935957686607,0.8115556878887751,0.7256005187776857,0.9074256551635981,0.7819597403865766,0.8838598711185768,0.8989359576866067,0.7136554791431072,0.8366123422790857,0.8138178704337637,0.6905123826283273,0.34466475318789214,0.8101634880870054,0.9941198508540054,0.8115556878887751,0.8753155242726868,0.7259188101129328,0.9955431553250922,0.8101634880870054,0.2583283731151136,0.4309573620461078,0.8115556878887751,0.8549563210654705,0.6781759424643949,0.8989359576866068,0.8667166193574596,0.8196462572401878,0.7652216875502158,0.9761293953865645,0.8549112595017443,0.8586142027141545,0.6846630826601936,0.8927735604683922,0.8115556878887751,0.7259188101129328,0.9550686573955628,0.8455806760644051,0.7390263559338626,0.5752401736142452,0.8279847673132894,0.8101634880870052,0.9936571600068276,0.8919502351934456,0.9067938764528298,0.813699274719943,0.5538386732417164,0.8648274993267064,0.8546510607208638,0.8753155242726868,0.6276314801192715,0.7189627469486877,0.8499851900020237,0.9675259941713212,0.9919698048622911,0.8719395196460114,0.6309949374808845,0.35804492142146394,0.8455806760644051,0.6801855080025003,0.8279847673132894,0.9070963937209569,0.8279847673132894,0.825176921550393,0.47147972478332933,0.5499199396752832,0.8366123422790857,0.899317875782788,0.9963223463080593,0.8549112595017443,0.7228115263170313,0.9761293953865646,0.8989359576866071,0.6781759424643949,0.48485603000932365,0.898935957686607,0.9761293953865646,0.8366123422790857,0.9023790184361786,0.8908274516901244,0.8115556878887751,0.916790765062709,0.8138178704337637,0.8824229739928073,0.7646224023024883,0.8279847673132894,0.825176921550393,0.8115556878887751,0.8115556878887751,0.7390263559338626,0.7278166292894902,0.7569870790069679,0.8925072470031171,0.8734150855065581,0.8279847673132894,0.6309949374808845,0.6333659520060793,0.8753155242726868,0.8753155242726868,0.9675259941713212,0.8279847673132894,0.8713811088301175,0.8753155242726868,0.6513195848376048,0.7123666930714411,0.7251294484583282,0.7484476973808835,0.7352627716285449,0.7461304776572293,0.7639216756853017,0.5021867753982916,0.9710131660660983
p19_L,0.9947267900539416,0.8653683866205264,0.6775336582248845,0.5941602750432857,0.9285907362002254,0.0,0.4366992878508924,0.8053717823317976,0.6775336582248848,0.8427572744917122,0.6301647454588464,0.8357034526177509,0.6125496942787964,0.8500272652915095,0.7709074597341703,0.9154216256921415,0.4482170336583803,0.8892879631011246,0.630875303775905,0.6710432241365538,0.8268276519431602,0.8878563041731347,0.7435054119787112,0.5660886056314967,0.8357034526177509,0.8993647537972547,0.5941602750432855,0.3866262231062708,0.25520412346410204,0.8500272652915095,0.8575492794254526,0.8239463208019111,0.9597697442669444,0.6503378315926844,0.49737531004996527,0.7753107736289853,0.8357034526177509,0.8315770194827905,0.2592192017385174,0.8997541168618939,0.0950814671914334,0.6710432241365532,0.687156781884473,0.8575492794254527,0.8472628178199466,0.5600224472617039,0.739225977790462,0.7753107736289855,0.5278924146560406,0.9553450409679016,0.5941602750432855,0.594160275043286,0.29523478753226895,0.7753107736289855,0.9607569080802173,0.6420125060814208,0.835703452617751,0.8735426110685824,0.630875303775905,0.6710432241365534,0.6027130364404629,0.8427572744917122,0.630875303775905,0.9726209726392345,0.19886977305629272,0.22173388896874235,0.8315770194827903,0.8641212670362215,0.8357034526177509,0.6799180740668772,0.9770507298387572,0.709794077826468,0.2910241817535263,0.47331293570800037,0.8500272652915095,0.7753107736289855,0.6214679891296004,0.599031049953866,0.4720046048833353,0.38514888932533176,0.9527515879672815,0.6397122591097121,0.7455509881567224,0.5941602750432855,0.638987821900967,0.2636703307372753,0.2535714285714281,0.5541112932392895,0.5691692348374264,0.7627704014611149,0.5859606643945876,0.7947261906877678,0.8653683866205264,0.9446428021565474,0.8500272652915095,0.366029511781523,0.8500272652915095,0.638987821900967,0.8929301442858275,0.778313511519807,0.8575492794254527,0.9249759538307385,0.3771589010969505,0.11801654475067325,0.6485091344176273,0.3408499162895785,0.9118865778937197,0.630875303775905,0.9342254737976441,0.9118865778937197,0.2922521427242196,0.8575492794254527,0.627710154184399,0.3920901130133161,0.8357034526177509,0.10773566186546268,0.9992862748496258,0.766591733466446,0.5600224472617039,0.44010179042163444,0.49737531004996516,0.8357034526177509,0.835703452617751,0.712452598367012,0.42916963152463095,0.9434523809523809,0.07758993059786368,0.36099034957730636,0.8500272652915095,0.5169541084603522,0.8559365441365868,0.5941602750432855,0.5941602750432855,0.6971448693537945,0.8500272652915095,0.7632090270487613,0.5941602750432855,0.806103357614453,0.19566177984957422,0.27123194562973674,0.6589105816036043,0.6758981382239178,0.7435054119787112,0.6545770288682187,0.9065864442063141,0.6127156628831429
p19_V,0.945452600961713,0.7609951301750955,0.8566694887017821,0.7713901939134851,0.5471227420016577,0.4366992878508924,0.0,0.7035000724223854,0.7340614609647522,0.7716734899099136,0.7601066192147459,0.8063603499755041,0.8039242055256466,0.7337607933490558,0.8266407994759046,0.8353382307077948,0.6719349888152357,0.5793253312033424,0.792071795745144,0.8146984138898463,0.984577374389731,0.92462166184034,0.6157111945115357,0.8015279879428074,0.8063603499755041,0.9710529842451197,0.7713901939134851,0.6544861146621743,0.6071051269330827,0.7337607933490558,0.7471142544253697,0.7822909151837449,0.9435314226382887,0.7348757464047446,0.7168711542074209,0.9001296646289432,0.8063603499755041,0.9835344753535538,0.5671747177766648,0.981897633094571,0.5415071587079185,0.8146984138898467,0.5084817488787086,0.8576058724918235,0.7634531742858768,0.7521603312128959,0.837951248402176,0.8146984138898463,0.7340614609647522,0.8063603499755041,0.7713901939134851,0.7713901939134851,0.5415071587079187,0.9001296646289432,0.47475255678722017,0.373914243624473,0.8063603499755041,0.7755064280871284,0.792071795745144,0.8146984138898461,0.795365474833267,0.7208547368804588,0.792071795745144,0.975604210398302,0.5880568153928913,0.565593201662244,0.9422399849704024,0.9678939521714867,0.8063603499755041,0.7713901939134851,0.9821862488763755,0.8329008687890838,0.6366017389880299,0.31247319812665075,0.78663627215246,0.9001296646289432,0.6539265453190921,0.7201389797955371,0.656915876807562,0.4911735133870665,0.7298610871900115,0.8174538988710942,0.9485698612234404,0.7713901939134851,0.7168711542074206,0.6309107112494265,0.6098350045720464,0.8074276032417447,0.737484418616901,0.9489863338305182,0.4770024153722373,0.46933728865142865,0.8770248447567586,0.5017178569742944,0.7337607933490558,0.6568538005778213,0.7337607933490558,0.7168711542074209,0.6566044396593234,0.4791847685441577,0.7471142544253697,0.8023600634585966,0.6419640960947144,0.5549334109680841,0.6362742140597445,0.666030052693994,0.8435765831537664,0.792071795745144,0.6309998006909632,0.98556091536804,0.626211637482027,0.7471142544253697,0.7441437492165608,0.671934988815236,0.8063603499755041,0.4726224404650847,0.8464930982695739,0.8119451267192594,0.7521603312128959,0.6846089398134962,0.7168711542074209,0.8063603499755041,0.8063603499755041,0.981897633094571,0.7881127801098007,0.9907335813585862,0.5218100065432769,0.6400454088467439,0.7337607933490558,0.4487322756626285,0.7751357099737475,0.7713901939134851,0.7713901939134851,0.9636863480398719,0.7337607933490558,0.8031245861058467,0.7713901939134851,0.521503107619183,0.5806853747420802,0.5959001535791788,0.48677099228961285,0.5503324157573916,0.5801844950458052,0.6482035233573931,0.8054490442631975,0.7122401715470128
p25_E,0.9393540868568597,0.9174204988121359,0.44212400570954635,0.9333219343990504,0.854651060720864,0.8053717823317976,0.7035000724223854,0.0,0.442124005709547,0.9035514355659177,0.8654912157766768,0.8992248062015503,0.9831528849218618,0.9080106572807718,0.9621334413647393,0.8829298229411556,0.890901045171373,0.8546510607208639,0.9393540868568597,0.9459535374876396,0.9946712687032853,0.7984896479042063,0.8426729457925812,0.5927251043530113,0.8992248062015503,0.8752326170225365,0.33834842595980663,0.5927251043530113,0.8415843570055936,0.9080106572807718,0.9126244634999567,0.531596107701045,0.8744408549127449,0.6135091036449509,0.48123133869162404,0.9459535374876394,0.8992248062015503,0.8532581822790628,0.8426729457925812,0.6755999783061628,0.8415843570055936,0.46369279506965355,0.863268787758238,0.9126244634999565,0.8752326170225366,0.9277132071594066,0.9930876427433692,0.9459535374876396,0.442124005709547,0.8992248062015503,0.33834842595980663,0.9333219343990504,0.8415843570055936,0.9459535374876394,0.652461234575787,0.7445728499330603,0.8992248062015504,0.9224343537350171,0.9393540868568597,0.46369279506965366,0.6539378858946923,0.9035514355659177,0.9393540868568597,0.936539654557307,0.8347787174310983,0.860938142095026,0.8532581822790627,0.8415843570055936,0.8992248062015503,0.9333219343990504,0.9333219343990504,0.48123133869162404,0.7418802705083567,0.6835213490015852,0.9080106572807718,0.9459535374876396,0.7531303353506785,0.3941051721448665,0.8410692057718434,0.8654912157766772,0.5414005583003854,0.39549176536602726,0.8992248062015502,0.33834842595980663,0.9174204988121359,0.7714501613141851,0.7455509881567224,0.7310026903626903,0.5439129791053645,0.9080106572807718,0.9267420564241744,0.7378713891590881,0.9174204988121359,0.6388929990361734,0.9080106572807718,0.649753283801767,0.9080106572807718,0.9174204988121359,0.6123419060955673,0.6734770543764961,0.9126244634999566,0.9126244634999566,0.6676440683362054,0.8347787174310983,0.8132479371125519,0.8677505778178993,0.9459535374876396,0.9393540868568597,0.7245141929289316,0.9459535374876396,0.7195149617456544,0.9126244634999566,0.5714641788564874,0.6324204445004726,0.8992248062015503,0.7804464860820595,0.8752326170225365,0.9219926067297317,0.9277132071594066,0.5439129791053643,0.9174204988121359,0.8992248062015503,0.8992248062015504,0.8604379762784784,0.8482039362121268,0.9848341648570231,0.8347787174310983,0.613509103644951,0.9080106572807718,0.780226169272523,0.808141060097043,0.33834842595980663,0.33834842595980663,0.7310026903626903,0.9080106572807718,0.7073420930539212,0.33834842595980663,0.7418802705083569,0.7804464860820595,0.75397535531081,0.9502224766706662,0.909777389228483,0.90404778562075,0.9783974109905904,0.7165127375597765,0.683521349001585
p27_T,0.7152608738249294,0.9364393940964553,0.2649253731343274,0.9486785680573293,0.8549563210654706,0.6775336582248848,0.7340614609647522,0.442124005709547,0.0,0.9644288308456194,0.8899643463095022,0.8657517660798375,0.9444072051321639,0.9291967343493446,0.8062486198154994,0.909892270114742,0.9846050671779648,0.8549563210654705,0.9533214547253983,0.9584009850530111,0.7576403781933057,0.7669834805715503,0.8789069593954761,0.442124005709547,0.8657517660798375,0.9166036233077656,0.14036601496026346,0.442124005709547,0.57278109654275,0.9291967343493446,0.9327479342790435,0.4660933571260766,0.8925805234802215,0.4660933571260766,0.3114267693782654,0.9584009850530111,0.8657517660798375,0.9525628096699812,0.9675643641237882,0.6100205961129779,0.7145219476897815,0.3032164996379343,0.8523043437042452,0.828507232411561,0.9166036233077657,0.9443615874922799,0.7786725502098393,0.8570033861197257,0.26492537313432807,0.9224343537350173,0.14036601496026346,0.9486785680573293,0.57278109654275,0.9584009850530111,0.8473354005722449,0.9491940825293976,0.8657517660798375,0.9402985074626866,0.9533214547253983,0.3032164996379343,0.5298507462686576,0.9257645165473793,0.9533214547253983,0.8982089588411882,0.7076660433724654,0.5957803090853031,0.8870543087380507,0.9311259244426395,0.8657517660798375,0.9486785680573293,0.7476696262818692,0.3114267693782653,0.6100205961129779,0.8418400336061076,0.9565525415325522,0.9584009850530111,0.8335395179049634,0.4153955678106128,0.6833717483665276,0.7872037771605251,0.7775494742047959,0.20913970792597958,0.9224343537350173,0.14036601496026346,0.9364393940964553,0.6418435257904573,0.6775336582248848,0.5137563446620615,0.38529892094203555,0.9291967343493444,0.8778305556436949,0.845612630705147,0.8128493270617851,0.7725554231380096,0.9291967343493446,0.5075117088785451,0.9291967343493446,0.8128493270617853,0.8262395620350673,0.8708965385118026,0.9327479342790435,0.9327479342790435,0.7059519927439033,0.7076660433724654,0.8807444884286741,0.8982089588411883,0.9584009850530111,0.9533214547253983,0.7879613637356602,0.6724077572924623,0.585565046710552,0.9327479342790435,0.7621985521325789,0.48776859883046475,0.8657517660798375,0.5735664144285104,0.9936820926748309,0.9471987978836057,0.9443615874922799,0.38529892094203544,0.9364393940964555,0.8657517660798375,0.8657517660798375,0.8925805234802215,0.7211455828289941,0.8735426110685824,0.7076660433724654,0.4660933571260766,0.9291967343493445,0.8778305556436949,0.7824300918334988,0.14036601496026346,0.14036601496026346,0.5981653899652244,0.9291967343493445,0.5721280773555901,0.14036601496026346,0.6100205961129779,0.6513987655225357,0.6855169740308196,0.8389690982945024,0.8469890526314126,0.8789069593954761,0.9477625846110735,0.9047551575447017,0.8418400336061075
p31_M,0.6459427429511575,0.14379750831539995,0.9257645165473793,0.9361846555282725,0.8196462572401878,0.8427572744917122,0.7716734899099136,0.9035514355659177,0.9644288308456194,0.0,0.5748303506019854,0.042933476000258874,0.594160275043286,0.04623419478578039,0.7087556269671723,0.2541388205944807,0.8955850425301612,0.8196462572401879,0.9419578267133046,0.9482739399888127,0.2707071014550252,0.8699112728824019,0.8494275430985867,0.9035514355659178,0.042933476000258874,0.2269729304853363,0.9361846555282725,0.9035514355659178,0.8849844433334897,0.04623419478578039,0.09407115582565195,0.8995203809414374,0.8664298590744741,0.8995203809414374,0.9209659238444985,0.9482739399888127,0.042933476000258874,0.3427329309938001,0.9130623314319222,0.8664298590744741,0.8262354899282938,0.9482739399888127,0.9879176757223549,0.1930264603431575,0.2269729304853363,0.9308167304449639,0.7247916335384874,0.9482739399888127,0.9257645165473793,0.1307264000364109,0.9361846555282725,0.9361846555282725,0.8849844433334897,0.8987031324780919,0.7862992367951578,0.6830575940525112,0.042933476000258874,0.1957822625966099,0.9419578267133046,0.9482739399888127,0.9257645165473793,0.3641025641025639,0.9419578267133046,0.8734285052112025,0.8888606119440376,0.9879176757223549,0.8595583185884188,0.4687770692093556,0.042933476000258874,0.9361846555282725,0.560383182528099,0.9209659238444985,0.8664298590744741,0.7363417562152295,0.1409438062126469,0.9482739399888127,0.6739728442388485,0.9076923076923078,0.8178908733431227,0.8364152235472178,0.7896888751616569,0.9522305995929512,0.9035514355659177,0.9361846555282725,0.9209659238444985,0.856161009554385,0.9047807939977592,0.6402849591066413,0.9933303090544461,0.9119600795186873,0.8987260632916334,0.7325332515274816,0.35162785672431174,0.7930624339922352,0.04623419478578039,0.8917336076078466,0.04623419478578039,0.9751189019510459,0.7512019845563718,0.7046193361697402,0.09407115582565184,0.1930264603431575,0.634367667386321,0.948190661206995,0.7725513629363472,0.8734285052112027,0.43963434987880545,0.9419578267133046,0.7363417562152297,0.5926572774119008,0.8734285052112027,0.09407115582565184,0.6492042636532707,0.8955850425301612,0.042933476000258874,0.8527850523802845,0.2269729304853363,0.3263189524365746,0.9308167304449639,0.9119600795186875,0.9209659238444985,0.042933476000258874,0.042933476000258874,0.37764057525280326,0.8229413026898182,0.8427572744917122,0.8295305626810805,0.8995203809414374,0.0462341947857805,0.6961781898749001,0.7862992367951577,0.9361846555282725,0.9361846555282725,0.36039709167180956,0.0462341947857805,0.8769861447842904,0.9361846555282725,0.8664298590744741,0.8527850523802845,0.8394396506617348,0.7997670354481059,0.8097394023382023,0.8494275430985867,0.8290282870052179,0.7796453337550444,0.7363417562152295
p32_V,0.8942006223612653,0.6359686867967516,0.8253979710035073,0.849906162017722,0.3727875582238078,0.6301647454588464,0.7601066192147459,0.8654912157766768,0.8899643463095022,0.5748303506019854,0.0,0.6073797649697594,0.13855750792885235,0.5944877269892548,0.493799649234104,0.6215019912933357,0.7544157782248173,0.33887127233948955,0.8634846740145359,0.8783401870655052,0.7944476900729265,0.9356769742308355,0.6458532326693485,0.8247750432550225,0.6073797649697594,0.7561002922612161,0.8499061620177217,0.7731527530936391,0.6258498885194648,0.5944877269892548,0.6148265509428437,0.8136101231239357,0.9686980970236241,0.7636717032816693,0.8141116698536603,0.8783401870655052,0.6073797649697594,0.8612659528346391,0.6832705250510096,0.9100781696315018,0.5913054699042266,0.8783401870655051,0.736189439040122,0.6730123272897757,0.7561002922612161,0.8372807897906385,0.6000788484554507,0.8783401870655052,0.8253979710035075,0.6590020551311427,0.8499061620177217,0.849906162017722,0.7294831443651787,0.9683177570483086,0.39533536856188156,0.672606738310614,0.6073797649697594,0.6580710265485358,0.8634846740145359,0.878340187065505,0.8899643463095022,0.7889228690931842,0.8634846740145359,0.9539279305335869,0.6688276952816317,0.7025618810003529,0.982382978137732,0.5796284833300621,0.6073797649697594,0.9239107626895395,0.8540754352950075,0.8141116698536606,0.6858427192189187,0.8081171213218412,0.6501770333408271,0.8783401870655052,0.7704594970109397,0.9434614827928172,0.8179201854209911,0.9299645390070921,0.6993553790431484,0.9060490274386424,0.7731527530936388,0.8499061620177217,0.9363160350424575,0.6616903613668741,0.7760442069723013,0.9820359117221253,0.904308515846594,0.904308515846594,0.7320288996210638,0.6085145743697515,0.758173051985549,0.7507825445670978,0.5944877269892548,0.7453571943683075,0.5944877269892548,0.875213852448059,0.49182300578106075,0.6224260840343108,0.6148265509428437,0.6730123272897758,0.9577694240022248,0.6688276952816319,0.6512272406530824,0.7023035511401006,0.7617495330032811,0.8634846740145359,0.3798752000335006,0.8517271029860846,0.7023035511401008,0.6148265509428437,0.7581369670014153,0.7544157782248173,0.6073797649697594,0.653750102275285,0.7561002922612161,0.48805899140075604,0.8372807897906385,0.7929299031434491,0.8141116698536603,0.6073797649697594,0.6073797649697594,0.8696702585165439,0.6520006243854248,0.9321968700007885,0.5990554886495723,0.7636717032816693,0.5944877269892548,0.9106762998736879,0.6167932328395123,0.8499061620177217,0.8499061620177217,0.8533898601837966,0.5944877269892548,0.9041598110356696,0.8499061620177217,0.74844652517167,0.653750102275285,0.6583997513886533,0.6910542012452039,0.684890087890311,0.6832705250510096,0.6602124241974847,0.39182913556094756,0.8610649355266313
p35_I,0.5306939336769297,0.18055725744350248,0.922434353735017,0.9333219343990504,0.8115556878887751,0.8357034526177509,0.8063603499755041,0.8992248062015503,0.8657517660798375,0.042933476000258874,0.6073797649697594,0.0,0.5759545289906889,0.08718267609381292,0.7445728499330602,0.2896329980275565,0.9703474635593987,0.8115556878887751,0.9393540868568597,0.9459535374876396,0.23799142456980082,0.8640755643882145,0.8426729457925812,0.8992248062015504,0.0,0.19229536283010495,0.9333219343990504,0.8992248062015504,0.9317655542769686,0.08718267609381292,0.13296583011495366,0.8950129206916135,0.8604379762784784,0.8950129206916135,0.9174204988121359,0.9459535374876396,0.0,0.31324829306601276,0.9654226254489189,0.8604379762784784,0.8184405099182497,0.9459535374876396,0.9735860158169323,0.13296583011495366,0.19229536283010495,0.9277132071594067,0.7124459381241641,0.9064580456516838,0.9224343537350173,0.16935002981514624,0.9333219343990504,0.9333219343990504,0.9317655542769686,0.9064580456516838,0.7767127385129395,0.668839732662539,0.0,0.2303101255244009,0.9393540868568597,0.9459535374876396,0.922434353735017,0.39410517214486673,0.9393540868568597,0.8677505778178993,0.8791063786081206,0.9712553701537204,0.8532581822790626,0.501609223929437,0.0,0.9333219343990504,0.45973669923333105,0.9174204988121359,0.8604379762784784,0.7245141929289317,0.08718267609381292,0.9459535374876396,0.7083076308752436,0.9035514355659178,0.8560023005315359,0.8247750432550225,0.7802544341856008,0.9594876215948323,0.8992248062015504,0.9333219343990504,0.9174204988121359,0.8497084718369545,0.8955242467928262,0.5960287752796585,0.9993567178830822,0.9080106572807718,0.8779034273736239,0.7205348408230492,0.2807819511928765,0.7837793290032355,0.08718267609381292,0.8868768370042972,0.08718267609381292,0.8821301136891172,0.7400410429111453,0.6913687226298391,0.13296583011495366,0.22840680075346265,0.6179656027611957,0.9363293594002768,0.813247937112552,0.8677505778178993,0.4636927950696532,0.9393540868568597,0.7245141929289318,0.4636927950696531,0.8677505778178993,0.13296583011495366,0.6777560331837864,0.890901045171373,0.0,0.9084098115591828,0.26402397976451697,0.2960979924906373,0.9277132071594067,0.9080106572807718,0.9174204988121359,0.0,0.0,0.41047880949738513,0.8149985472585293,0.8357034526177509,0.8218833978159643,0.8950129206916136,0.08718267609381258,0.6825489111714222,0.7767127385129395,0.9333219343990504,0.9333219343990504,0.39356790265510977,0.08718267609381258,0.8714678111385465,0.9333219343990504,0.8604379762784784,0.8461810710874311,0.83223700201397,0.7907846951797173,0.801204416944115,0.8426729457925812,0.8682242070426014,0.8148160129358735,0.7245141929289318
p35_W,0.8244530583780467,0.6525190162674686,0.9444072051321638,0.8427572744917122,0.47459007239872253,0.6125496942787964,0.8039242055256466,0.9831528849218618,0.9444072051321639,0.594160275043286,0.13855750792885235,0.5759545289906889,0.0,0.6129239479387423,0.5174387490763037,0.643039335671753,0.7904755195409753,0.4411484723452124,0.8569825235987281,0.8725455966226465,0.7743197336159557,0.9148649262795143,0.6289854155665195,0.915047526095345,0.5759545289906889,0.7337041165282743,0.8427572744917122,0.7623481426211552,0.6399614557718241,0.6129239479387423,0.6323380870499289,0.7524155155849281,0.949776167718631,0.7524155155849281,0.8052579102158341,0.8725455966226464,0.5759545289906889,0.8450229503496133,0.7027726298376038,0.8111696138247972,0.5718395726533683,0.8725455966226465,0.6469489243592343,0.6323380870499289,0.5181167992364553,0.8295305626810804,0.6160639483575641,0.9612638577970789,0.8170817717251843,0.6777541179734825,0.8427572744917122,0.8427572744917122,0.9124489882456466,0.9612638577970789,0.49716062623041735,0.6643591985427812,0.575954528990689,0.6736164946468972,0.8569825235987281,0.8725455966226465,0.8807444884286739,0.8052563957167418,0.8569825235987281,0.9397215288496811,0.6487544087717003,0.7132627507362036,0.845022950349613,0.6447587714843905,0.5759545289906889,0.9157261209694143,0.7923984931197767,0.8052579102158341,0.6708795795192981,0.9083249175789624,0.6129239479387423,0.8725455966226465,0.8147095778932676,0.825325393104711,0.8775338966393631,0.9305076832880201,0.6713129340556958,0.8973363332673175,0.9831528849218617,0.8427572744917122,0.9257519265528781,0.6455768580541075,0.7204280146952884,0.9960003656641383,0.8928870465324991,0.9972931744611102,0.6917426003574461,0.5935679115043213,0.7127660244359904,0.6896165916245793,0.6129239479387423,0.7332286966148989,0.6129239479387423,0.925751926552878,0.4751052587848492,0.6117848201747049,0.6323380870499289,0.6897095064333465,0.9650900952376218,0.6487544087717001,0.7149321266968324,0.6881244318744366,0.7725813586796242,0.8569825235987281,0.3503389945060401,0.7725813586796242,0.6881244318744366,0.6323380870499289,0.8544384500391131,0.7427187358729469,0.5759545289906889,0.6746653121401871,0.776821579986638,0.436747239298271,0.8295305626810804,0.7830672675261082,0.8052579102158341,0.5759545289906889,0.575954528990689,0.8908543533103213,0.631207780809357,0.9199775839164048,0.579958720558709,0.7524155155849281,0.6129239479387423,0.8385318382824717,0.5907427901560804,0.8427572744917122,0.8427572744917122,0.8742972065872022,0.6129239479387423,0.9233311394941368,0.8427572744917122,0.7713272440820349,0.6372584087587351,0.6399086629312014,0.5705146848912936,0.5638254292542815,0.6658790227020617,0.6325036873510526,0.3905616674074507,0.7358337602218388
p36_M,0.7695067528667718,0.10229273580185272,0.9291967343493444,0.9391351065949001,0.8279847673132894,0.8500272652915095,0.7337607933490558,0.9080106572807718,0.9291967343493446,0.04623419478578039,0.5944877269892548,0.08718267609381292,0.6129239479387423,0.0,0.7222210760402346,0.2142376049111937,0.9004125840123707,0.8279847673132894,0.9446413598588317,0.9506654527228711,0.3044253713822396,0.8759258204313911,0.8563891394003404,0.9080106572807718,0.08718267609381292,0.2627132145919584,0.9391351065949001,0.9080106572807718,0.8342693521338048,0.0,0.050155877657122705,0.9041659752209921,0.8726053669875891,0.9041659752209922,0.9246200007161862,0.9506654527228711,0.08718267609381292,0.373121144688513,0.8563891394003402,0.8726053669875888,0.8342693521338047,0.950665452722871,0.9966476486564283,0.2560762828062656,0.2627132145919584,0.9340153632054886,0.7375156707601456,0.9506654527228711,0.9291967343493446,0.08718267609381292,0.9391351065949001,0.9391351065949001,0.8342693521338048,0.8901185083373037,0.7961795195070402,0.6977111709849615,0.0871826760938128,0.1567974727058289,0.9446413598588317,0.9506654527228711,0.9291967343493444,0.33036302906638093,0.9446413598588317,0.8792804363555953,0.8991433222605789,0.9438481149951754,0.8660515266428446,0.49333773366620326,0.08718267609381292,0.9391351065949001,0.6680096723358182,0.924620000716186,0.8726053669875888,0.7485317828152511,0.09854267869535038,0.9506654527228711,0.6890464472637634,0.9119600795186875,0.7763836130055222,0.8486192094950218,0.7994124406730494,0.9442986832254125,0.9080106572807719,0.9391351065949001,0.9246200007161862,0.8628112894564373,0.9145609874994054,0.614447177538868,0.9854267869535046,0.916030534351145,0.9209704945339252,0.7448993612750792,0.4266551569625069,0.8026300257275334,0.0,0.8967392170824593,0.0,0.9246200007161862,0.7627049604647085,0.7182760233172214,0.050155877657122816,0.1531160802316942,0.6512723838723613,0.9608745646700521,0.7830672675261083,0.8792804363555953,0.41247039151782827,0.9446413598588317,0.7485317828152511,0.7309024693974784,0.8792804363555953,0.050155877657122816,0.6176455372749357,0.9004125840123707,0.08718267609381292,0.8595914169439127,0.2627132145919584,0.3574660532131121,0.9340153632054886,0.916030534351145,0.9246200007161862,0.08718267609381292,0.0871826760938128,0.34087124658796053,0.8311274689897736,0.8500272652915093,0.8374120798511058,0.9041659752209921,0.0,0.7102251466243923,0.7961795195070405,0.9391351065949001,0.9391351065949001,0.32323174780758834,0.0,0.8826735913276835,0.9391351065949001,0.8726053669875888,0.8595914169439127,0.8468630291279129,0.8090246453337324,0.818535947870557,0.8563891394003404,0.7863751438690096,0.7412279157378243,0.7485317828152511
