,p1_P,p1_Q,p7_Q,p7_S,p14_N,p14_S,p19_L,p19_V,p24_Y,p25_E,p27_T,p31_M,p32_V,p35_I,p35_W,p36_K,p36_M,p36_VIF,p37_Y,p38_K,p39_I,p39_M,p49_C,p49_I,p50_F,p52_T,p54_L,p56_G,p56_V,p60_V,p60_Y,p64_Q,p64_T,p69_R,p70_T,p81_F,p81_V,p84_L,p84_T,p86_T,p87_C,p87_V,p88_C,p88_I,p93_V,p94_T,p96_T,p96_Y,p97_C,p97_T,p98_C,p100_V,p100_Y,p101_G,p103_M,p104_S,p104_V,p108_I,p108_L,p108_T,p109_G,p110_R,p111_T,p111_V,p112_M,p112_V,p119_I,p119_L,p122_Q,p123_V,p124_S,p133_I,p133_V,p144_S,p149_S,p150_G,p151_KA,p153_S,p154_G,p154_M,p157_I,p157_V,p158_L,p162_V,p165_GTAN,p165_S,p166_S,p169_G,p169_V,p179_L,p179_MW,p181_HANQISYD,p185_T,p185_V,p195_N,p205_M,p209_S,p209_V,p210_V,p213_C,p213_F,p217_T,p218_L,p218_T,p228_L,p228_M,p255_L,p256_L,p259_F,p259_I,p259_L,p261_Y,p262_MV,p263_L,p269_G,p271_Y,p273_F,p273_G,p273_I,p274_W,p277_F,p277_L,p277_SAM,p279_Q,p279_R,p282_S,p284_S,p284_T,p285_V,p286_L,p286_M,p286_Q,p287_S,p287_T,p288_M,p289_S,p290_L,p290_V,p292_S,p295_S,p301_Y,p303_P,p304_V,p309_M,p315_S,p319_N,p320_T,p322_F,p326_S,p332_GAP,p333_S,p334_S,p336_V,p348_T
p1_P,0.0,0.9441854427814054,0.6128412702954518,0.9441854427814051,0.808632112418595,0.9924739666399554,0.9924739666399554,0.9952921406912689,0.8023425064521195,0.9251169135551024,0.8594248992147091,0.490248362104853,0.7950018713371921,0.490248362104853,0.810230505456778,0.8722228885762169,0.6128412702954518,0.5003159133426389,0.8779411372412214,0.7539090662711212,0.6555378023534707,0.8901090246551189,0.5157560409896618,0.958063388493407,0.9441854427814051,0.490248362104853,0.9641375057422947,0.6895242463710649,0.9532710280373831,0.9361007507478691,0.9354959066695865,0.9836591708616349,0.6128412702954518,0.6128412702954518,0.6859139418549751,0.9441854427814051,0.9149933550542033,0.940045548081759,0.9532710280373831,0.9641375057422947,0.490248362104853,0.7175275468589195,0.9825154783320854,0.9825154783320855,0.9792432382675884,0.9485700850785521,0.283409852094493,0.5772336191362379,0.9532710280373831,0.6505743547194329,0.8373831775700935,0.9441854427814051,0.6734098167693292,0.9532710280373832,0.9532710280373831,0.9641375057422947,0.9251169135551023,0.9149933550542033,0.9475332366403819,0.8544863745455197,0.42807098015722445,0.9485700850785521,0.9641375057422947,0.9485700850785521,0.9532710280373831,0.9361007507478694,0.8086321124185949,0.987905290446343,0.9668762763978958,0.6582070364876682,0.9351013250810887,0.6655357615236004,0.6426124558720334,0.7410677380197876,0.8892368329074731,0.5157560409896618,0.7680892038001722,0.9583982853083901,0.0,0.9441854427814051,0.8931232598230003,0.8779411372412214,0.6128412702954518,0.8664172316325562,0.9583982853083901,0.9216665612177357,0.8512223935102514,0.9641375057422947,0.8542589906677278,0.8594248992147091,0.9641375057422947,0.9400455480817589,0.9485700850785521,0.8772079741190915,0.8901090246551189,0.918295854308175,0.9400455480817589,0.9490133864425355,0.929105990803318,0.950977512584905,0.427746723364251,0.8751948559251705,0.6128412702954518,0.9160704851689441,0.6355210935151747,0.808632112418595,0.8772079741190915,0.7503897118503411,0.7458229863081909,0.8504004068441531,0.9140560988954975,0.9485700850785521,0.9641375057422947,0.9825154783320854,0.9583982853083901,0.9641375057422947,0.7914183990830999,0.20934579439252354,0.9641375057422947,0.7155340043749155,0.9048611177801609,0.6128412702954518,0.8086321124185949,0.6983403832989012,0.9351013250810887,0.5157560409896618,0.8931232598230003,0.42807098015722445,0.9583982853083901,0.6369390500721275,0.9641375057422947,0.9532710280373831,0.9641375057422947,0.490248362104853,0.5772336191362379,0.7521311928254468,0.987905290446343,0.8751948559251705,0.8901090246551189,0.9879486186136903,0.9160704851689441,0.6734098167693292,0.8741387789370325,0.788818212598098,0.9532710280373831,0.9532710280373831,0.6128412702954518,0.9323149073943098,0.9532710280373831,0.9251169135551023,0.8961558431376611,0.8961558431376611,0.6859139418549749,0.988837088556281
p1_Q,0.9441854427814054,0.0,0.9191547916545557,0.9333333333333333,0.9503096005000047,0.8651600275073517,0.8651600275073517,0.7844434031057121,0.7176198270212597,0.9105572809000085,0.9385704883166048,0.2176182440002754,0.6467489210401125,0.2176182440002754,0.6666666666666665,0.8473789900087048,0.17537887487646764,0.957164706312188,0.8246817647532156,0.5917517095361369,0.25464400750007044,0.8687427547924471,0.2546440075000703,0.8984653834866381,0.9333333333333333,0.2176182440002754,0.957164706312188,0.3168699489360267,0.9441854427814051,0.9236767223027824,0.8438262381113939,0.7722899829786756,0.17537887487646764,0.17537887487646753,0.6248457107525749,0.9333333333333333,0.8984653834866381,0.9283885125960567,0.9441854427814051,0.957164706312188,0.2176182440002754,0.5418771527091486,0.8832949371938483,0.8832949371938483,0.8544786249782002,0.9385704883166048,0.7338054493719544,0.3434094798802598,0.9441854427814051,0.5826349938158484,0.9441854427814051,0.9333333333333333,0.28747469680557425,0.9441854427814053,0.9441854427814051,0.957164706312188,0.850928801500014,0.8984653834866381,0.8259223440443022,0.7226499018873854,0.3168699489360267,0.07855732474907307,0.957164706312188,0.9385704883166048,0.9441854427814051,0.2622083155935625,0.9503096005000047,0.8796141469142308,0.9062957428668363,0.9183503419072274,0.9105572809000084,0.600505369753285,0.5731250508378097,0.6907231435864567,0.8723430522991549,0.2546440075000703,0.957164706312188,0.9503096005000047,0.9441854427814054,0.9333333333333333,0.8723430522991549,0.75086356043878,0.17537887487646764,0.7371485037308918,0.9503096005000047,0.9064360712977018,0.8222953366722723,0.957164706312188,0.8259223440443022,0.9385704883166048,0.957164706312188,0.9283885125960567,0.9385704883166048,0.9333333333333333,0.8687427547924471,0.42840138584443055,0.9283885125960567,0.9723181733820867,0.8075499102701247,0.6514642596612381,0.6692657966453903,0.850928801500014,0.17537887487646764,0.9191547916545557,0.21761824400027563,0.9503096005000047,0.15238095238095228,0.7018576030000282,0.12652248857628656,0.7176198270212597,0.8580315571695951,0.9385704883166048,0.957164706312188,0.8832949371938483,0.2546440075000703,0.957164706312188,0.7508635604387801,0.8772079741190915,0.957164706312188,0.6602248471833989,0.9236767223027824,0.17537887487646764,0.9503096005000047,0.6396882441502791,0.9105572809000084,0.2546440075000703,0.8723430522991549,0.3168699489360267,0.9503096005000047,0.42875942942252065,0.957164706312188,0.9441854427814051,0.957164706312188,0.2176182440002754,0.34340947988026005,0.42875942942252077,0.8796141469142307,0.850928801500014,0.8687427547924471,0.8615908669104335,0.9191547916545557,0.28747469680557436,0.7463713632491058,0.4920915294142518,0.9441854427814051,0.9441854427814051,0.17537887487646753,0.9191547916545557,0.9441854427814051,0.9105572809000084,0.8759652654107914,0.8759652654107914,0.6248457107525749,0.8
p7_Q,0.6128412702954518,0.9191547916545557,0.0,0.9191547916545557,0.9397415394948176,0.8364825149580679,0.8364825149580679,0.8022446350266913,0.7137008328430661,0.891534771090672,0.9255057749409552,0.7876993500242463,0.9683116270792058,0.7876993500242463,0.9514928749927334,0.8276839887238429,0.7686274509803922,0.9480545763590582,0.926147879669847,0.9900985245702333,0.8047625879632094,0.8408272099651948,0.8047625879632094,0.876871191605537,0.9191547916545557,0.7876993500242463,0.9480545763590582,0.9289928397503273,0.9323149073943098,0.9074444306944185,0.881316537011024,0.8343166260840972,0.7686274509803922,0.7686274509803921,0.9856334294693129,0.9514928749927337,0.9688073685400692,0.9652633262854062,0.9323149073943098,0.9480545763590582,0.7876993500242463,0.9568627450980394,0.8584743232370275,0.8584743232370275,0.8235294117647058,0.9255057749409552,0.6573265647283939,0.8473202775908659,0.9323149073943098,0.9837538706868993,0.9323149073943098,0.9191547916545557,0.8202048961036399,0.9323149073943097,0.9323149073943098,0.9480545763590582,0.8915347710906719,0.876871191605537,0.7888998345396254,0.7264463971081663,0.8343166260840973,0.9255057749409552,0.9480545763590582,0.9255057749409552,0.9323149073943098,0.9074444306944185,0.9397415394948176,0.8540107093815541,0.8813165370110239,0.9900985245702333,0.8915347710906718,0.6529070203001335,0.6237481705243101,0.929535444664683,0.9240039404342653,0.8047625879632094,0.9480545763590582,0.9397415394948176,0.6128412702954518,0.9191547916545557,0.8451932119957253,0.6978776895584647,0.7686274509803922,0.8803273481138263,0.9397415394948176,0.8865370703566657,0.7845014420396921,0.8580158420480923,0.7888998345396254,0.9354383382821612,0.9480545763590582,0.9131583157135157,0.9255057749409552,0.9191547916545557,0.8408272099651948,0.8816547329172122,0.9131583157135157,0.8008230694126175,0.7666199859953315,0.8816547329172122,0.7470147772314106,0.9638449236968907,0.7686274509803922,0.9019607843137254,0.7876993500242464,0.9397415394948176,0.9514928749927334,0.918651078318004,0.9773753052808578,0.902321460617046,0.9761621811418641,0.9255057749409552,0.9480545763590582,0.8584743232370275,0.9397415394948176,0.9480545763590582,0.8634854745412321,0.6128412702954519,0.9480545763590582,0.9570552052784926,0.9074444306944185,0.7686274509803922,0.9397415394948176,0.9740196538907444,0.8915347710906718,0.8047625879632094,0.8451932119957253,0.8343166260840972,0.9397415394948176,0.8912486904874001,0.9480545763590582,0.9323149073943098,0.9480545763590582,0.7876993500242463,0.8473202775908659,0.8912486904874001,0.8540107093815541,0.8192246184844532,0.840827209965195,0.8321542719769248,0.9019607843137255,0.8202048961036399,0.6924301002925439,0.9266421054622203,0.9323149073943098,0.9323149073943098,0.7686274509803921,0.9019607843137254,0.9323149073943098,0.891534771090672,0.8495857906009532,0.8495857906009532,0.985633429469313,0.7898024583018448
p7_S,0.9441854427814051,0.9333333333333333,0.9191547916545557,0.0,0.9503096005000047,0.8651600275073517,0.6853733975171534,0.8406755588172656,0.7916867576386344,0.49315792510004774,0.24236935590479358,0.9147901057822083,0.811276820829649,0.9147901057822083,0.8761904761904762,0.8158022293208504,0.9191547916545557,0.8143803940194818,0.8062272136746067,0.7550510257216823,0.9105572809000084,0.8687427547924471,0.9105572809000084,0.45171307082784595,0.15238095238095228,0.9147901057822083,0.957164706312188,0.9860585703864495,0.16278164172107856,0.26220831559356217,0.6564177238450666,0.8559385606599784,0.9191547916545557,0.9191547916545556,0.7828054114883325,0.3047619047619047,0.45171307082784606,0.3554966133645103,0.16278164172107856,0.9571647063121882,0.9147901057822083,0.9407135138800076,0.8832949371938483,0.4287594294225202,0.7143469305127638,0.07855732474907295,0.9385704883166048,0.9932310255657759,0.16278164172107856,0.7475199345305747,0.9441854427814051,0.3047619047619047,0.9784083241456235,0.9441854427814053,0.16278164172107856,0.957164706312188,0.5527864045000421,0.8984653834866381,0.8557642279224218,0.9075499672957952,0.9860585703864495,0.9385704883166048,0.957164706312188,0.07855732474907284,0.34138822482058173,0.9236767223027824,0.9503096005000047,0.9759228293828462,0.7397103968523233,0.7550510257216823,0.9701857603000027,0.9140328010861499,0.8438262381113939,0.7656993512018613,0.6634498651523171,0.9701857603000027,0.8143803940194818,0.9503096005000047,0.9441854427814051,0.3047619047619047,0.5706084486426121,0.8062272136746067,0.9191547916545557,0.8201542393948207,0.8509288015000136,0.9784083241456234,0.6248457107525747,0.9571647063121882,0.6966075139057837,0.24236935590479358,0.8143803940194818,0.9283885125960568,0.07855732474907284,0.9333333333333333,0.6747103053551953,0.5399328227528344,0.35549661336451,0.7508635604387801,0.7305698743781746,0.5399328227528344,0.940637450679942,0.637969946500034,0.9191547916545557,0.43408354158188933,0.9612682299010037,0.9503096005000047,0.9333333333333333,0.7763932022500215,0.9236767223027824,0.7916867576386344,0.6177772693027566,0.7338054493719548,0.8143803940194818,0.8832949371938483,0.9503096005000047,0.957164706312188,0.8246817647532156,0.9441854427814051,0.957164706312188,0.813362944227501,0.39789414261083844,0.9191547916545557,0.8509288015000138,0.7954987331663748,0.49315792510004774,0.9701857603000027,0.6634498651523173,0.9024099927051468,0.9503096005000047,0.9815728848200813,0.957164706312188,0.16278164172107856,0.957164706312188,0.9147901057822083,0.9932310255657759,0.8832949371938483,0.9277684881485386,0.723153488500026,0.8687427547924471,0.6954999072029537,0.43408354158188933,0.9064360712977018,0.7371485037308916,0.6747103053551955,0.16278164172107856,0.16278164172107856,0.9191547916545556,0.4340835415818892,0.16278164172107856,0.49315792510004774,0.6515214599636524,0.6515214599636524,0.7828054114883325,0.8761904761904762
p14_N,0.808632112418595,0.9503096005000047,0.9397415394948176,0.9503096005000047,0.0,0.6314861344049556,0.6314861344049556,0.7694786417306254,0.9827480529432073,0.9333333333333333,0.954213145350437,0.9364882947244837,0.859334047481741,0.9364882947244837,0.850928801500014,0.8862430156215966,0.9397415394948176,0.7339371429941246,0.800549451587611,0.80221129867869,0.9333333333333333,0.9021666257255179,0.9333333333333333,0.7931428780372614,0.9503096005000047,0.9364882947244837,0.9680724571592949,0.9272607032546691,0.9583982853083901,0.5259332300095217,0.6818261985938587,0.7817821097640076,0.9397415394948176,0.9397415394948178,0.7203765023973796,0.9503096005000047,0.9243205651355835,0.9466239487316377,0.9583982853083901,0.9680724571592949,0.9364882947244837,0.891534771090672,0.7024135176501589,0.9587957178284835,0.658535390470634,0.954213145350437,0.954213145350437,0.9243205651355834,0.9583982853083901,0.6889144915808725,0.10972330559954968,0.6521672035000329,0.9302615650599058,0.9583982853083902,0.9583982853083901,0.13795634330096407,0.6666666666666667,0.9344111564508389,0.8183502463623114,0.8208387167044768,0.9272607032546694,0.954213145350437,0.13795634330096407,0.954213145350437,0.8086321124185949,0.9431119876011427,0.5185185185185184,0.8384854293825503,0.6818261985938587,0.6957096902749078,0.44444444444444464,0.9811540685679789,0.9922396633803381,0.7694786417306252,0.9048501290469249,0.9333333333333333,0.9680724571592949,0.2592592592592593,0.808632112418595,0.9503096005000047,0.9048501290469249,0.800549451587611,0.9397415394948176,0.8109563757281333,0.962962962962963,0.76932671519815,0.8233956857246607,0.9680724571592949,0.8183502463623114,0.954213145350437,0.9680724571592949,0.9466239487316377,0.954213145350437,0.2546440075000702,0.9021666257255179,0.6363035162733464,0.6797436923898257,0.8143046618229481,0.741801110252839,0.49082492278268475,0.9431119876011427,0.8888888888888888,0.9397415394948176,0.3853637028471406,0.9364882947244837,0.2592592592592593,0.9503096005000047,0.777777777777778,0.8799030849357454,0.789526245907129,0.7639466262556731,0.954213145350437,0.9680724571592949,0.5742224175609967,0.962962962962963,0.13795634330096407,0.8143046618229481,0.9583982853083901,0.9680724571592949,0.7467465537455669,0.34894830254640985,0.9397415394948176,0.962962962962963,0.7314394736092391,0.44444444444444453,0.9333333333333333,0.7318503636776977,0.9272607032546692,0.962962962962963,0.9130131820823542,0.13795634330096407,0.9583982853083901,0.13795634330096407,0.9364882947244837,0.9243205651355834,0.9130131820823542,0.9102696829903056,0.8888888888888888,0.8596303760409603,0.6409890128577002,0.3853637028471406,0.9302615650599058,0.804082062118247,0.8596303760409603,0.9583982853083901,0.9583982853083901,0.9397415394948178,0.9397415394948176,0.9583982853083901,0.9333333333333333,0.9075499672957952,0.9075499672957952,0.7203765023973796,0.9503096005000047
p14_S,0.9924739666399554,0.8651600275073517,0.8364825149580679,0.8651600275073517,0.6314861344049556,0.0,0.9393939393939397,0.5956084091014308,0.5162458289079503,0.758790924337789,0.8757526950156128,0.8276545031135722,0.5138888698820216,0.8276545031135722,0.5055867675269554,0.691308808164603,0.8364825149580679,0.9518674181451743,0.975115888401962,0.8142123646349267,0.8894458403214868,0.7345191500012922,0.819093193253342,0.9497999420417178,0.8651600275073514,0.8276545031135722,0.913361352661314,0.8026144915120693,0.88710949959933,0.91423809445632,0.8806686940429127,0.7148875988507666,0.8364825149580679,0.8364825149580679,0.8269433361699778,0.8651600275073514,0.7946361265343,0.8551586351244198,0.88710949959933,0.913361352661314,0.8276545031135722,0.7056685269245222,0.9378822074005226,0.8881879733209406,0.909156952754482,0.8757526950156127,0.8757526950156127,0.7946361265343003,0.88710949959933,0.9339955411659236,0.6914326322381685,0.9550533425024506,0.8107576364121698,0.88710949959933,0.88710949959933,0.6823249597581507,0.9497481092370392,0.8585271093902956,0.27234858343981916,0.5138275651956027,0.8684096610080463,0.8757526950156127,0.6823249597581507,0.8757526950156127,0.9924739666399555,0.8456285700213761,0.8659949579654385,0.9594179372035273,0.8806686940429126,0.8623795293592049,0.7587909243377893,0.9079473535605981,0.8736492054572018,0.8736276278441972,0.7418011102528392,0.819093193253342,0.9133613526613139,0.748740546185197,0.9924739666399554,0.8651600275073515,0.7418011102528392,0.5458649633358076,0.8364825149580679,0.9036202154101827,0.9832493697456799,0.9175097389488944,0.7071348765953474,0.913361352661314,0.6009653522089333,0.8757526950156128,0.9133613526613139,0.8551586351244199,0.8757526950156127,0.5954800825220548,0.734519150001292,0.9999999999999999,0.9758597725207367,0.7573799119191298,0.4355882654828953,0.8684096610080463,0.8456285700213761,0.6984886554222371,0.8364825149580679,0.8582848462969923,0.8276545031135722,0.748740546185197,0.8651600275073517,0.7675850052213075,0.9256730151954774,0.9968790053477933,0.8674713935887052,0.9723894877812473,0.9133613526613139,0.9958588138267016,0.8994962184740789,0.6823249597581507,0.4960967401397315,0.88710949959933,0.913361352661314,0.9193393094023311,0.8341936492822188,0.8364825149580679,0.9832493697456799,0.8555598108856499,0.8994962184740787,0.819093193253342,0.9061094946373962,0.8684096610080463,0.8994962184740789,0.8881879733209403,0.6823249597581507,0.88710949959933,0.6823249597581507,0.8276545031135722,0.9863090751022865,0.7639523881219856,0.6753434976282167,0.7487405461851968,0.6190926934801135,0.9290802819455917,0.8582848462969922,0.9854428951086284,0.5554093807630999,0.8422505094210573,0.88710949959933,0.88710949959933,0.8364825149580679,0.9890988343305378,0.88710949959933,0.6884382772696438,0.749127396997873,0.749127396997873,0.8269433361699778,0.9101066850049011
p19_L,0.9924739666399554,0.8651600275073517,0.8364825149580679,0.6853733975171534,0.6314861344049556,0.9393939393939397,0.0,0.3744567578287752,0.8720392192595223,0.8291435714059341,0.6410633411562141,0.8276545031135722,0.6182885756791707,0.8276545031135722,0.595480082522055,0.364876743235218,0.8364825149580679,0.9518674181451743,0.9813369163014716,0.3187786703280636,0.8894458403214867,0.734519150001292,0.8894458403214867,0.7581269934737315,0.6853733975171534,0.8276545031135722,0.6823249597581507,1.0,0.5860681651975431,0.5140158685858134,0.13660290395754426,0.8903413841733718,0.8364825149580679,0.8364825149580679,0.287805268084139,0.6853733975171534,0.6942360106177359,0.7223873839884711,0.5860681651975431,0.6823249597581507,0.8276545031135722,0.7347383020430882,0.3084219090591508,0.8881879733209403,0.07340091809571803,0.6410633411562141,0.8757526950156127,0.7946361265343002,0.5860681651975431,0.6908212191456429,0.6914326322381685,0.5055867675269556,0.9466239487316377,0.9021615663194194,0.5860681651975431,0.6823249597581507,0.296473529318551,0.24699913062576884,0.9765273736593489,0.6010892842630584,0.9342048305040231,0.8757526950156127,0.6823249597581507,0.6410633411562141,0.5860681651975431,0.8456285700213761,0.6314861344049554,0.9837671748814109,0.18573932405752125,0.17427717615522875,0.8994962184740788,0.7102046315796606,0.7332594337429812,0.37445675782877474,0.2723485834398185,0.8190931932533418,0.9133613526613138,0.7487405461851969,0.9924739666399554,0.6853733975171534,0.21757912197829932,0.5023177680392412,0.8364825149580679,0.5740635326191936,0.8994962184740787,0.9466239487316375,0.4275818042545416,0.8170961889516624,0.9765273736593489,0.6410633411562141,0.913361352661314,0.8551586351244196,0.6410633411562141,0.7752667125122527,0.18816725580105154,0.6710241525201155,0.5534057916336274,0.6267383260294306,0.9805375263959619,0.6052289830241385,0.8456285700213761,1.0,0.8364825149580679,0.47674404786581703,0.8276545031135722,0.7487405461851969,0.8651600275073517,0.39697731084447274,0.9256730151954773,0.5162458289079501,0.20482836153223127,0.8757526950156129,0.913361352661314,0.2504453026329717,0.8994962184740789,0.6823249597581507,0.9813369163014716,0.88710949959933,0.6823249597581507,0.3579409028425562,0.43397142341171213,0.8364825149580679,0.8994962184740787,0.31719183327761646,0.40702768899706476,0.8190931932533418,0.05327073759374268,0.8684096610080463,0.6314861344049554,0.7639523881219854,0.6823249597581507,0.5860681651975431,0.6823249597581507,0.8276545031135722,0.7946361265343003,0.7142581540424031,0.8133225111362248,0.5477329831333544,0.8422505094210573,0.07804366529269435,0.47674404786581714,0.8107576364121698,0.5118830264322143,0.6729583731899966,0.5860681651975431,0.5860681651975431,0.8364825149580679,0.781976686610757,0.5860681651975431,0.829143571405934,0.1916327236598132,0.1916327236598132,0.28780526808413875,0.6853733975171534
p19_V,0.9952921406912689,0.7844434031057121,0.8022446350266913,0.8406755588172656,0.7694786417306254,0.5956084091014308,0.3744567578287752,0.0,0.779388166169926,0.7610960468844663,0.7150191060331077,0.7854698636717021,0.886393848078189,0.7854698636717021,0.934395818336521,0.6648499651203168,0.7385992302076954,0.9136875009183869,0.7392680285529138,0.6441714377057393,0.8281568056537388,0.6654536887200513,0.8281568056537388,0.8486979753038564,0.8406755588172654,0.7854698636717021,0.8012805253702395,0.9039653114933233,0.7410677380197876,0.7126863313754048,0.4803990849524008,0.8490883466323653,0.7385992302076954,0.7385992302076954,0.6419276659555835,0.7656993512018611,0.7421204484738684,0.8087237552543624,0.7410677380197876,0.8012805253702395,0.7854698636717021,0.9613581470741811,0.5552990406603024,0.9611426346208032,0.4521949085222141,0.7956197629126328,0.881977609569267,0.7249919173761914,0.7410677380197876,0.9485702865692178,0.7410677380197876,0.6907231435864569,0.8107955070666496,0.9952921406912689,0.7410677380197876,0.8012805253702395,0.5599137705766482,0.5289653948138924,0.5839776211368719,0.36836224690083375,0.8490883466323651,0.801376952689742,0.8012805253702395,0.7956197629126327,0.7410677380197876,0.7532202099365513,0.7694786417306254,0.942458773692409,0.5213816923364365,0.4834746676373636,0.9958087025769204,0.8983412807494726,0.9048618042870592,0.774703557312253,0.5448225737144603,0.7694786417306253,0.9739055235334659,0.7694786417306254,0.9952921406912689,0.8406755588172656,0.5448225737144603,0.3527101803378313,0.7385992302076954,0.651875470811546,0.8672755816024813,0.9807760140869858,0.5253459758015873,0.9136875009183867,0.7405978108265203,0.7956197629126327,0.8614985479853186,0.7684550721500176,0.7956197629126327,0.7656993512018615,0.5258588250205041,0.8765268290628441,0.6677833643891558,0.5939845419754333,0.5995903137414679,0.7667728993409277,0.8199818922725568,0.643739719038239,0.7385992302076954,0.6885921264213413,0.7244866777103585,0.7694786417306252,0.7844434031057124,0.7694786417306254,0.8199818922725568,0.779388166169926,0.556318775462924,0.9625782664487921,0.8614985479853186,0.5552990406603024,0.8393335987819509,0.8012805253702395,0.7029471569085437,0.9074121002616211,0.8012805253702395,0.6925502038681104,0.6459246490393993,0.7385992302076954,0.9650725214743372,0.6782864805056419,0.6437397190382388,0.7694786417306253,0.407779907736018,0.7942113817714069,0.7694786417306254,0.7677193047332458,0.8012805253702395,0.7410677380197876,0.8012805253702395,0.7854698636717021,0.7249919173761914,0.9421457004354179,0.7258329805344199,0.853304590192216,0.9799432667098351,0.44506896823351627,0.6249467216023452,0.6974751690530923,0.4405373022539364,0.9302025681502265,0.7410677380197876,0.7410677380197876,0.7385992302076954,0.8158829360593332,0.7410677380197876,0.585061555115125,0.517580448123242,0.517580448123242,0.6419276659555835,0.6532350397787545
p24_Y,0.8023425064521195,0.7176198270212597,0.7137008328430661,0.7916867576386344,0.9827480529432073,0.5162458289079503,0.8720392192595223,0.779388166169926,0.0,0.6211472426328328,0.8194260271176315,0.8800506695724754,0.38879209862418707,0.8800506695724754,0.33802680760721504,0.7460216169723171,0.8461843690176472,0.8483062984346394,0.8353346442537212,0.9773217266466634,0.8530134110761263,0.5795576479000706,0.9109799531869498,0.8331420702638941,0.7176198270212597,0.8800506695724754,0.8483062984346394,0.9661178485972329,0.7635861351682213,0.8086213492761055,0.8113082362774329,0.6272963345695624,0.8461843690176472,0.8461843690176472,0.9081399363616384,0.8657536882560088,0.8331420702638939,0.905521732834242,0.7635861351682213,0.8483062984346394,0.8800506695724754,0.8619027546654788,0.6822482197423416,0.6489802481180491,0.8199870596045944,0.8194260271176315,0.9417044654474243,0.7804995684879956,0.7635861351682213,0.8042895730269282,0.937214678520085,0.7176198270212597,0.9395291474850962,0.9759710498039831,0.7635861351682213,0.9296061907768588,0.9689464952977732,0.6404329119771235,0.3400192069866814,0.5442139363663565,0.9119064063528057,0.7398028579726502,0.9296061907768588,0.8194260271176315,0.8504004068441531,0.8745733766024937,0.8240301400207146,0.8177667702939879,0.851793825428635,0.7788868348049691,0.795046868965303,0.7650877867546766,0.783835872210546,0.9616044301003706,0.7735597034960411,0.9109799531869498,0.8483062984346394,0.9827480529432073,0.8023425064521195,0.8657536882560088,0.7735597034960411,0.7341006901373319,0.8461843690176472,0.9983989635249313,0.9827480529432073,0.6596640449367801,0.8615243816794844,0.8483062984346394,0.3786993999837993,0.8194260271176315,0.8483062984346394,0.746400440765596,0.8194260271176315,0.8657536882560088,0.8014687856719467,0.6408491951306694,0.8359061675542092,0.6200523114492478,0.4467593498557476,0.6950606373750967,0.9275705414183415,0.6584114482755051,0.8461843690176472,0.8461843690176472,0.8800506695724752,0.9827480529432073,0.7916867576386344,0.8499080606059037,0.8086213492761055,0.8280295724847315,0.7944992641239008,0.8990491962626129,0.8483062984346394,0.6822482197423416,0.7895262459071293,0.9296061907768588,0.29712881224253773,0.8891567781280514,0.8483062984346394,0.9750775831841356,0.8086213492761055,0.8461843690176472,0.9206410435387535,0.9127707693177081,0.9109799531869498,0.9109799531869498,0.8638134871559819,0.9661178485972329,0.8240301400207144,0.6967496432708786,0.9296061907768588,0.7635861351682213,0.9296061907768588,0.8800506695724754,0.8331420702638939,0.9210951955064874,0.7709545644979479,0.8447324764888657,0.6659444836755507,0.811243526058935,0.7833108264263204,0.7716100859561068,0.8222849512673587,0.7990911663386764,0.7635861351682213,0.7635861351682213,0.8461843690176472,0.7833108264263203,0.7635861351682213,0.6211472426328328,0.7904244806530234,0.7904244806530234,0.9081399363616383,0.6991030943669161
p25_E,0.9251169135551024,0.9105572809000085,0.891534771090672,0.49315792510004774,0.9333333333333333,0.758790924337789,0.8291435714059341,0.7610960468844663,0.6211472426328328,0.0,0.4414003732753309,0.8856789305040709,0.8290367654008854,0.8856789305040709,0.9105572809000083,0.9411601804939291,0.8915347710906719,0.942530422886731,0.8720765448113643,0.8995841977907195,0.88,0.8238999263059319,0.88,0.6276571804670705,0.49315792510004774,0.8856789305040709,0.9425304228867308,0.8690692658584046,0.37597427962585295,0.5714436399286074,0.8835949507050703,0.9854521406509339,0.8915347710906719,0.891534771090672,0.9293582742898643,0.49315792510004774,0.6276571804670705,0.5356283539652473,0.37597427962585295,0.9425304228867311,0.8856789305040709,0.8047625879632094,0.8434237277482375,0.5412589918237831,0.8577900332077699,0.441400373275331,0.9175836616307865,0.86377701724405,0.37597427962585295,0.6981318399784764,0.9251169135551024,0.49315792510004774,0.8744708171078305,0.9251169135551023,0.37597427962585295,0.942530422886731,0.8666666666666667,0.8637770172440502,0.6107505279192387,0.7353925662096887,0.8690692658584047,0.9175836616307866,0.942530422886731,0.4414003732753309,0.5157560409896618,0.8976015776820567,0.9333333333333333,0.93539417175302,0.8835949507050702,0.8995841977907195,0.8799999999999999,0.7806333581312752,0.8184081230999094,0.8197742108075798,0.8079702604401575,0.88,0.942530422886731,0.9333333333333333,0.9251169135551024,0.49315792510004774,0.8079702604401575,0.698760895846116,0.8915347710906719,0.8329541792797687,0.9333333333333333,0.8744708171078304,0.743923744300758,0.942530422886731,0.48619069685339467,0.4414003732753309,0.942530422886731,0.9039231077169478,0.4414003732753309,0.9105572809000083,0.8187955763437853,0.6944949536696106,0.5356283539652471,0.8390640402465551,0.7762276288857937,0.6944949536696106,0.8976015776820567,0.6666666666666665,0.8915347710906719,0.6022941606657968,0.8856789305040709,0.9333333333333333,0.9105572809000085,0.9916666666666667,0.8976015776820567,0.6791137847436561,0.8486002499432939,0.9175836616307866,0.942530422886731,0.8434237277482375,0.9333333333333333,0.942530422886731,0.6657483912813068,0.9251169135551024,0.9425304228867308,0.7838428331969207,0.5714436399286074,0.8915347710906719,0.9333333333333333,0.9433845376797856,0.6533333333333333,0.88,0.8079702604401575,0.8690692658584047,0.9333333333333333,0.9258322920912703,0.942530422886731,0.37597427962585295,0.942530422886731,0.8856789305040709,0.8819400816115102,0.8434237277482375,0.9138588956706937,0.8666666666666667,0.9617173752838986,0.8390640402465552,0.6022941606657969,0.8551586351244199,0.7050919461358875,0.8187955763437851,0.37597427962585295,0.37597427962585295,0.891534771090672,0.6022941606657968,0.37597427962585295,0.6533333333333333,0.7966099280507493,0.7966099280507493,0.9293582742898643,0.9105572809000082
p27_T,0.8594248992147091,0.9385704883166048,0.9255057749409552,0.24236935590479358,0.954213145350437,0.8757526950156128,0.6410633411562141,0.7150191060331077,0.8194260271176315,0.4414003732753309,0.0,0.9452767043522581,0.9093354439581889,0.9452767043522581,0.8976174805276748,0.7785457803541929,0.9255057749409552,0.7938774913655268,0.8327860259884554,0.6238226030683602,0.9175836616307866,0.8790539728298858,0.9542131453504369,0.5114176169421659,0.24236935590479358,0.9452767043522581,0.9605297323891435,0.970025467533491,0.09140483638775454,0.3410050417827173,0.6066592048463881,0.7302292078014188,0.9255057749409552,0.9255057749409552,0.6543168280839922,0.24236935590479358,0.511417616942166,0.2961506076566658,0.09140483638775454,0.9605297323891435,0.9452767043522581,0.9586143194116418,0.9981133855212732,0.5792849712439223,0.6705699825166687,0.17610062893081713,0.880503144654088,0.9771301863249524,0.09140483638775454,0.6154220721455557,0.9485700850785521,0.24236935590479358,0.9137862032295672,0.9485700850785521,0.09140483638775454,0.9605297323891435,0.5879183081539325,0.9064416713293508,0.8182104081940742,0.9375292359945346,0.970025467533491,0.9433962264150944,0.9605297323891435,0.17610062893081724,0.2834098520944929,0.9296724748147565,0.954213145350437,0.8890713374702838,0.6962001988650963,0.6238226030683603,0.9175836616307866,0.9332118555432689,0.9456358250600698,0.7150191060331075,0.5187922569843141,0.9542131453504369,0.7938774913655268,0.954213145350437,0.8594248992147091,0.24236935590479358,0.6185983073875674,0.8327860259884556,0.9255057749409552,0.8456135563459948,0.954213145350437,0.9137862032295669,0.7392214668002044,0.9605297323891435,0.7326623649912856,0.17610062893081724,0.9605297323891435,0.9340141194678124,0.17610062893081724,0.9385704883166048,0.6301505545957373,0.49043294806934623,0.2961506076566657,0.8497908369048839,0.7635576992893633,0.49043294806934623,0.9244630285047383,0.6794920174530585,0.9255057749409552,0.37921479117462675,0.9214839671141095,0.8321148662849356,0.9385704883166048,0.7252788721026218,0.9296724748147565,0.8194260271176315,0.6612206677423458,0.9433962264150944,0.9605297323891435,0.8924629747125721,0.954213145350437,0.9605297323891435,0.7704350526282187,0.8594248992147091,0.9605297323891435,0.6869166742048786,0.3410050417827175,0.9255057749409552,0.8321148662849356,0.6679933717654745,0.441400373275331,0.9542131453504369,0.6185983073875674,0.970025467533491,0.954213145350437,0.9981133855212732,0.9605297323891435,0.09140483638775454,0.9605297323891435,0.9452767043522581,0.9771301863249524,0.8924629747125721,0.9926047558313522,0.6794920174530585,0.8790539728298856,0.6514013762132213,0.37921479117462686,0.9137862032295673,0.8371152199980678,0.6301505545957373,0.09140483638775454,0.09140483638775454,0.9255057749409552,0.37921479117462664,0.09140483638775454,0.441400373275331,0.6063313524909462,0.6063313524909462,0.6543168280839922,0.8976174805276746
p31_M,0.490248362104853,0.2176182440002754,0.7876993500242463,0.9147901057822083,0.9364882947244837,0.8276545031135722,0.8276545031135722,0.7854698636717021,0.8800506695724754,0.8856789305040709,0.9452767043522581,0.0,0.5484926939426074,0.0,0.5739505289110411,0.8049276982484377,0.051222758957915615,0.868932146968094,0.7416079591790441,0.4781980953246985,0.1443241161971358,0.8322337603081851,0.04732442086725597,0.8702236910117858,0.9147901057822083,0.0,0.9452501373411024,0.21757441861374938,0.9286607122538597,0.9024475237159739,0.8681342799469657,0.7694301426832788,0.051222758957915615,0.051222758957915726,0.5204971404681404,0.9147901057822081,0.8702236910117858,0.9084698910029689,0.9286607122538597,0.9452501373411024,0.0,0.41445100965389514,0.9307696654925754,0.8508336091541058,0.8140020854194725,0.9214839671141094,0.2790800616840954,0.16077986854288095,0.9286607122538597,0.46654557959260634,0.9286607122538597,0.9147901057822083,0.182950702736846,0.9286607122538598,0.9286607122538597,0.9452501373411024,0.8787503808376508,0.8702236910117858,0.7775029202550077,0.6455054121779493,0.12685840917766233,0.2790800616840957,0.9452501373411024,0.9214839671141095,0.9286607122538597,0.4353780918106378,0.9364882947244837,0.8461290128986447,0.996370668255421,0.8766650043494741,0.8856789305040709,0.4893865722415236,0.45439046106496805,0.6046982767148619,0.9878637956502732,0.04732442086725597,0.868932146968094,0.9364882947244837,0.490248362104853,0.9147901057822081,0.8368354748536722,0.6815666550878676,0.051222758957915615,0.6640367771188147,0.9364882947244837,0.8804114129901421,0.7728670665375401,0.9452501373411024,0.7775029202550074,0.9452767043522581,0.9452501373411024,0.9084698910029689,0.9214839671141095,0.9147901057822083,0.8322337603081851,0.5804384563580975,0.9084698910029689,0.9581855203650735,0.7540202231786919,0.7618704752302714,0.3250156943984064,0.8094648841734513,0.051222758957915615,0.8966678252330402,0.10081008100810063,0.901845546392384,0.21761824400027496,0.6189297683469028,0.21465329698617508,0.6993198398700164,0.9606632242093203,0.9214839671141095,0.9452501373411024,0.8508336091541058,0.41684706974298735,0.9452501373411024,0.6815666550878676,0.3449756306945312,0.9452501373411024,0.5657169275599508,0.9024475237159741,0.051222758957915615,0.901845546392384,0.5394681009792772,0.8856789305040709,0.04732442086725597,0.8368354748536722,0.12685840917766233,0.9364882947244837,0.2698697711227295,0.9452501373411024,0.9286607122538597,0.9452501373411024,0.0,0.16077986854288118,0.3498058274611989,0.9244633336047892,0.8094648841734513,0.8322337603081851,0.8230925861599265,0.8966678252330403,0.182950702736846,0.6758249603778036,0.42508565291382006,0.9286607122538597,0.9286607122538597,0.051222758957915726,0.8966678252330402,0.9286607122538597,0.8856789305040709,0.8414652007948251,0.8414652007948251,0.5204971404681404,0.8063411495050188
p32_V,0.7950018713371921,0.6467489210401125,0.9683116270792058,0.811276820829649,0.859334047481741,0.5138888698820216,0.6182885756791707,0.886393848078189,0.38879209862418707,0.8290367654008854,0.9093354439581889,0.5484926939426074,0.0,0.5484926939426074,0.13380899816685066,0.5679531667937932,0.5716201438485231,0.9948179405093207,0.5947894350810383,0.9940733911332924,0.586658508754039,0.7212194893148671,0.5866585087540389,0.9326875594738093,0.8887017148482546,0.5484926939426074,0.8787398079181068,0.7095702485732152,0.84199748976582,0.7839404258241931,0.6002169466703262,0.3931671047424088,0.5716201438485231,0.5716201438485231,0.93837219967034,0.811276820829649,0.8226292625550742,0.7972787864801542,0.84199748976582,0.8787398079181068,0.5484926939426074,0.9299726079898498,0.7195608532247977,0.9808284844016952,0.5880511520296756,0.8261024089034117,0.6744993807679246,0.6821084013106176,0.84199748976582,0.7819523226941605,0.932747649490067,0.811276820829649,0.6797586060572713,0.8419974897658201,0.84199748976582,0.878739807918107,0.6645658055333824,0.7125709656363393,0.4010738606836768,0.732919588216788,0.6529010287826231,0.6744993807679245,0.878739807918107,0.8261024089034117,0.84199748976582,0.8024070560956296,0.859334047481741,0.9493178133290034,0.7271801847788049,0.7866420807985202,0.9285849779522684,0.48575049050154284,0.5110403865703228,0.9993197236411867,0.7329682332443397,0.5866585087540389,0.9948179405093207,0.9603249877512603,0.7950018713371921,0.811276820829649,0.6386226248006994,0.8426041607339569,0.5716201438485231,0.7057771696862793,0.8376931317097008,0.9138012561165573,0.93837219967034,0.8787398079181068,0.6436768538244654,0.9093354439581889,0.878739807918107,0.797278786480154,0.8261024089034117,0.9564484971145345,0.6284307309293249,0.9362471277355838,0.870050504153945,0.8198319967550403,0.6451835629837648,0.992916347526176,0.7334649697489335,0.9026158790258206,0.5716201438485231,0.7711395289053753,0.6114675610390308,0.9603249877512603,0.6467489210401124,0.9729488552849501,0.6645228834022374,0.9156607018992144,0.686889625154935,0.9241984859322566,0.878739807918107,0.6696257428292132,0.7367021914401819,0.878739807918107,0.29473268618236936,0.7042517116129452,0.8787398079181068,0.9329586929619195,0.7839404258241931,0.5716201438485231,0.9386840719792204,0.9512271993358384,0.7468012854671338,0.5866585087540389,0.6386226248006994,0.6529010287826231,0.8593340474817408,0.43154227005026624,0.878739807918107,0.84199748976582,0.878739807918107,0.5484926939426074,0.5170209559325147,0.831023153214942,0.7046451880207447,0.6645658055333825,0.8148367187574228,0.608184825656872,0.8368635616299855,0.5042266185128073,0.9943096836003035,0.8612310979501938,0.84199748976582,0.84199748976582,0.5716201438485231,0.9659643401961839,0.84199748976582,0.8290367654008856,0.6488765584116081,0.6488765584116081,0.93837219967034,0.7048175915540666
