,p1_P,p7_K,p7_Q,p11_I,p14_N,p19_L,p19_V,p26_Y,p31_M,p32_V,p33_D,p35_I,p35_W,p36_IFV,p36_M,p36_Q,p37_Y,p38_K,p42_L,p52_T,p56_G,p56_V,p60_V,p60_Y,p61_V,p64_Q,p64_T,p69_R,p87_C,p87_V,p93_V,p94_T,p96_T,p96_Y,p97_T,p98_C,p100_MS,p100_V,p101_G,p103_M,p104_I,p104_S,p104_V,p105_MH,p108_I,p108_T,p109_G,p111_T,p112_M,p119_I,p122_Q,p124_S,p133_V,p149_T,p150_G,p151_T,p153_S,p154_G,p157_V,p158_L,p158_V,p162_V,p165_C,p165_S,p166_S,p169_V,p179_MW,p183_M,p185_V,p205_M,p209_I,p209_S,p209_T,p209_V,p213_C,p213_F,p213_I,p214_L,p214_V,p218_L,p218_T,p218_V,p225_S,p228_L,p228_M,p255_L,p259_L,p259_MC,p261_Y,p263_I,p263_L,p271_V,p271_Y,p273_G,p274_W,p275_LTVA,p277_F,p277_L,p279_Q,p279_R,p281_V,p282_S,p284_S,p284_T,p286_L,p286_M,p287_S,p287_T,p288_M,p290_L,p292_S,p295_S,p301_Y,p303_P,p304_V,p315_S,p319_N,p319_T,p320_T,p326_N,p326_S,p328_M,p335_V,p347_T
p1_P,0.0,0.7073119406212139,0.5553053218161015,0.5852107777685547,0.9205157479890115,0.921643268788074,0.8735072857383621,0.9508438853409203,0.3490510693054022,0.8319223749790098,0.502841553063744,0.2786954205594121,0.793725761186155,0.5766001590457821,0.3911240573096546,0.8558125498178819,0.903978919986264,0.6538464115759761,0.9552746646879349,0.2786954205594121,0.5831283605449236,0.9601273888585551,0.9290590469071476,0.9817087302973111,0.9428597341936583,0.9720718636412558,0.3911240573096546,0.38949329838368474,0.2786954205594121,0.4822655562833993,0.9099903505844742,0.9508438853409203,0.1849575974567671,0.31473027602658954,0.5636127237103041,0.942942942942943,0.8659837236634762,0.9552746646879349,0.9467286396096568,0.9601273888585551,0.9416786387405184,0.9467286396096568,0.9345878312564442,0.8886836098899706,0.9198521541254845,0.738755683766458,0.2786954205594121,0.9508438853409202,0.9467286396096568,0.9062392627799036,0.985055674975045,0.9566890587535717,0.6538464115759762,0.7147278279616827,0.3080188016730663,0.7434379440537607,0.9467286396096568,0.10159847110253328,0.7695894223175949,0.42362824287628287,0.8886836098899705,0.8550738755287242,0.9356821187298932,0.9169306462116418,0.8426292225936405,0.8264608686323742,0.9601273888585551,0.9977534328697781,0.9977534328697781,0.9167378113157808,0.808661059420674,0.9603445291658654,0.9678138268375023,0.8324682064403606,0.9416786387405185,0.3490510693054021,0.8851120295357897,0.9467286396096568,0.6937394798961556,0.3911240573096546,0.9925086587702892,0.8128790898530178,0.5525268465443097,0.42362824287628287,0.8530012719079489,0.5182059487075393,0.8881195126510131,0.7326418844678764,0.9428597341936582,0.921643268788074,0.9977534328697781,0.555900629049866,0.9508438853409202,0.23573573573573614,0.6594254986188912,0.9508438853409202,0.9675660509348452,0.47147147147147217,0.6594254986188912,0.997753432869778,0.9552746646879349,0.2786954205594123,0.9498392705800514,0.45294221154929437,0.5315062789016389,0.9467286396096568,0.9290590469071476,0.2786954205594121,0.3080188016730663,0.9014536358536043,0.8533934645561272,0.921643268788074,0.9566890587535716,0.3911240573096546,0.7659475384009933,0.9552746646879349,0.9601273888585551,0.41948880868389593,0.3911240573096546,0.7321497291823265,0.9601273888585551,0.5964463630996023,0.5422717367219552,0.5396573310895152
p7_K,0.7073119406212139,0.0,0.9065007603275312,0.5519682404749322,0.3353363423672253,0.7856816232389432,0.9027725084740903,0.9352128897977869,0.6041865520532155,0.9741400747378206,0.4536130828049034,0.547284142971369,0.9969587790230796,0.688757720004285,0.6411398319270969,0.8419524320128927,0.8332842724555722,0.511142039860722,0.44196459899758167,0.547284142971369,0.6677009216398344,0.9474484248808783,0.522634437450006,0.7393360127294741,0.9246898839858694,0.8145396973154946,0.6411398319270969,0.8602467762120218,0.547284142971369,0.7057169645937744,0.8109116574488704,0.7257345668106319,0.8782486457771553,0.5728863407510716,0.47543498842499265,0.4276850116812376,0.5025117555389819,0.6887577200042851,0.929789050250059,0.9474484248808783,0.9936386109603155,0.4403184291361847,0.7055515811567277,0.44196459899758167,0.8107981220657279,0.8942829430755319,0.5472841429713688,0.38668202341904856,0.7552646894430626,0.612717052346771,0.5850975090721122,0.7552029940613368,0.8537790922797696,0.39933475929684115,0.5694932921813287,0.6618545971833616,0.4403184291361847,0.5798944233163977,0.9737711411595624,0.5798944233163977,0.9410525984856599,0.988677436906245,0.9073180038362898,0.8230003627839837,0.8861555914159731,0.9524961409692453,0.9474484248808783,0.6251442591490834,0.6251442591490841,0.3008504604180834,0.7478178022152175,0.5798944233163981,0.8488428958628419,0.9015094859367725,0.382150089520636,0.9303950104660509,0.9051817193492364,0.9652288629809814,0.6521875934772718,0.6411398319270969,0.6555562891063618,0.7678247948320871,0.4288479295751524,0.6647806209217073,0.41012202810577836,0.9150416202240865,0.7355355946972354,0.8121542805076367,0.9246898839858695,0.9134422055108102,0.6948745332173234,0.4657355506098457,0.38668202341904856,0.8005209169345395,0.5511273031631665,0.7257345668106315,0.6677009216398346,0.8005209169345392,0.5511273031631665,0.625144259149084,0.688757720004285,0.5472841429713691,0.7170675552329683,0.6821317438027317,0.7461856861324534,0.5453005159051445,0.6041865520532154,0.547284142971369,0.5694932921813287,0.8383792930579907,0.8972605993234943,0.785681623238943,0.755202994061337,0.6411398319270969,0.9256297620583631,0.9410525984856599,0.9474484248808783,0.2951052694733973,0.6411398319270969,0.631004363151251,0.9474484248808783,0.265378317479275,0.30238261194210136,0.3216534522159398
p7_Q,0.5553053218161015,0.9065007603275312,0.0,0.84357110890281,0.9378544533734132,0.8346143129464518,0.7064211514001524,0.942655235512224,0.6316091954022985,0.9867709715635269,0.7813577378583278,0.6514836964893151,0.9684929534565335,0.9478241142959527,0.5841962959442119,0.9418284631948535,0.9497784863007652,0.9030700183794993,0.9478241142959527,0.6514836964893151,0.8631192898714568,0.9534852273969034,0.9172413793103447,0.8643016666940228,0.9333410480433825,0.885028312418152,0.5841962959442119,0.4813806168424142,0.6514836964893151,0.7802004287153452,0.8233195795740584,0.9426552355122241,0.5215831468946933,0.7272944418703453,0.8827113480424833,0.9290590469071476,0.9534852273969034,0.9478241142959527,0.9378544533734133,0.9534852273969034,0.9529314381534757,0.9378544533734132,0.903513359152879,0.9478241142959527,0.906500760327531,0.6787371437665434,0.6514836964893151,0.942655235512224,0.9378544533734134,0.942655235512224,0.8346143129464516,0.8659734673002313,0.7406001915351725,0.9157938774056824,0.6694185324342881,0.8717798898300452,0.9378544533734132,0.6093698263679808,0.6665808996941078,0.7032885664295839,0.9156489847784566,0.9908336312354773,0.9249677526515871,0.9030925742975653,0.7517880031056137,0.7975519284486094,0.9534852273969034,0.8997539971682468,0.8997539971682471,0.8964773276695863,0.7767869458162053,0.9210364733240022,0.9172413793103449,0.703625520240831,0.8838682212384821,0.6316091954022984,0.8659734673002315,0.9378544533734132,0.951602101599759,0.5841962959442119,0.8932559001697249,0.9095878637502082,0.8280497430820706,0.6093698263679809,0.9210364733240022,0.5900885664352112,0.9989398353394002,0.9478241142959527,0.9333410480433824,0.8324939836252523,0.8997539971682469,0.8773159032535549,0.942655235512224,0.5553053218161017,0.9559617096236375,0.942655235512224,0.8748042285409661,0.5553053218161016,0.9559617096236375,0.8997539971682469,0.9478241142959527,0.6514836964893151,0.8601812584884583,0.7609033543463123,0.8134596690132365,0.9378544533734132,0.9172413793103449,0.6514836964893151,0.6694185324342881,0.8148072211698087,0.8289710790670726,0.8346143129464518,0.8659734673002315,0.5841962959442117,0.6622033406439607,0.9478241142959527,0.9534852273969034,0.7891127501635598,0.5841962959442117,0.9172674916142036,0.9534852273969034,0.8376561026379084,0.8835245608680586,0.7006973779086261
p11_I,0.5852107777685547,0.5519682404749322,0.84357110890281,0.0,0.7068933124311749,0.838405131547259,0.9698106083866691,0.8814913406027425,0.5706895988777119,0.942127321301645,0.5663670660971399,0.5472259752003994,0.9222906168880758,0.8600883373733973,0.5612891261949888,0.9482814932894589,0.8520532299197636,0.5403576791952965,0.8600883373733972,0.5472259752003994,0.6642826795886136,0.7280297837969852,0.679842202887751,0.8820250854203615,0.8622426457974399,0.9086674504323698,0.5612891261949888,0.6366372056398684,0.5472259752003994,0.6722018594753252,0.9099089433770129,0.7403407828653581,0.6761862192372745,0.5767584656549611,0.4218898266191995,0.7723426969936613,0.8200541888484362,0.6949294574307159,0.8715700468209879,0.7280297837969852,0.8853225248511449,0.7771494192224813,0.8655261733060018,0.7775088974020563,0.9547569611699791,0.8026303444651969,0.5472259752003996,0.7403407828653581,0.7771494192224808,0.8159743581717381,0.7712876861846125,0.6330267397420164,0.8024143087598482,0.6311944426925573,0.5754602731837108,0.8068814390502694,0.7771494192224812,0.5383030761974757,0.780028857030692,0.5951106130603254,0.9747527826839213,0.995564516038886,0.8581753640716555,0.9126876730907043,0.9561178110375319,0.8021922569377737,0.9038725959972105,0.8338492116000074,0.9271789925617208,0.6222714251701462,0.6285255178919837,0.6519181499231754,0.7344185048927709,0.8747869910293962,0.6133958900434195,0.7889948068977902,0.9124186104709744,0.9879177395963995,0.6851273512995216,0.5612891261949888,0.6870859876512823,0.5907747228474314,0.4982981530909989,0.5951106130603254,0.765533223648875,0.7280297837969851,0.704170240821966,0.8600883373733975,0.9941201129303785,0.8595663643208322,0.9271789925617208,0.5443154864624198,0.7403407828653581,0.6475880841769237,0.6062789702399485,0.9672415087844977,0.7039124685394311,0.6475880841769235,0.5757534385499101,0.6471896496765815,0.9426677773447378,0.5472259752003996,0.7725992218411969,0.7224280290599756,0.46399402164424763,0.7771494192224813,0.8981474109078297,0.5472259752003994,0.5754602731837108,0.6491401567086585,0.9243061396131204,0.8719638542285824,0.8224245104866039,0.5612891261949888,0.9187962393185966,0.7775088974020569,0.7280297837969852,0.36606520609732907,0.5612891261949888,0.7354951880718841,0.7280297837969852,0.5245803211912241,0.4057494148485131,0.48131593210177115
p14_N,0.9205157479890115,0.3353363423672253,0.9378544533734132,0.7068933124311749,0.0,0.6242386645800533,0.8184207762634901,0.9569383623655394,0.9378544533734134,0.8087124962499925,0.6420047720573531,0.9350926586358448,0.7960234677645214,0.8634290328339081,0.9436563830180988,0.7013652009849773,0.7429955602498617,0.7122556591715605,0.33617554484022616,0.9350926586358448,0.9059873208637055,0.965070877866961,0.36522763088557986,0.6695157217717782,0.9499441028332992,0.7289970056423365,0.9436563830180988,0.9533333333333334,0.9350926586358448,0.9105016746036205,0.6482601384082859,0.5601561298765807,0.9499441028332993,0.9808740334618502,0.617716923109074,0.12398207358102131,0.4473713891094194,0.5119267075047864,0.9533333333333334,0.965070877866961,0.9127937027984507,0.14952380952380973,0.5966804410065554,0.5119267075047866,0.6502826026741033,0.8323836580304944,0.9350926586358448,0.07725062211870182,0.5980952380952387,0.3991876272906212,0.6242386645800533,0.5363190752252143,0.9391651625100366,0.4785749737776158,0.9324073630580625,0.6773657228065344,0.14952380952380973,0.938394063057816,0.813611318099138,0.940704285693148,0.960819804501531,0.790748934935918,0.8036022493773727,0.6647370944982567,0.8120216491703462,0.7586002213526366,0.965070877866961,0.38006958012193204,0.38006958012193326,0.4965552033828968,0.8323836580304944,0.5756891093107082,0.7136865887560837,0.84358382622799,0.46487044899049346,0.9378544533734134,0.8993560783434575,0.9533333333333334,0.5461530968550592,0.9436563830180988,0.41780813435684916,0.7880644752131754,0.6256776100177329,0.940704285693148,0.33388580681263513,0.965070877866961,0.695660613322101,0.960819804501531,0.9499441028332993,0.875807694225611,0.4793849637146439,0.6109609899362898,0.07725062211870182,0.9467286396096568,0.7016506315089428,0.5601561298765808,0.5036130541603658,0.9467286396096568,0.7016506315089428,0.38006958012193304,0.5119267075047866,0.9350926586358448,0.6340228728556916,0.9942253422610399,0.9015504815029161,0.29904761904761956,0.3652276308855802,0.9350926586358448,0.9324073630580625,0.8609340468003064,0.7068933124311749,0.6242386645800533,0.5363190752252145,0.943656383018099,0.8160267577984399,0.960819804501531,0.965070877866961,0.49146178992025513,0.943656383018099,0.6591948531078962,0.965070877866961,0.3095894940930677,0.5363190752252145,0.46072052022006416
p19_L,0.921643268788074,0.7856816232389432,0.8346143129464518,0.838405131547259,0.6242386645800533,0.0,0.5167698040736954,0.9608210690971073,0.8900962635178344,0.5503340600087856,0.8037616427501226,0.8807545505073995,0.5162257469739553,0.9363692769738574,0.8500547776717575,0.5918838876642203,0.6452499429511431,0.34841010760541424,0.6845199446603016,0.8807545505073995,0.7264561673414108,0.7187497090480621,0.5550842307683386,0.2492423585991883,0.6639814158885293,0.5812202256466055,0.8500547776717575,0.8758076942256109,0.8807545505073995,0.9463633376595215,0.16309305396056717,0.7301551134063264,0.9338209904227726,0.8856556353349614,0.7742131531953991,0.6344698879031294,0.8123011829452111,0.6845199446603016,0.9813484082902932,0.7187497090480621,0.8923456606206841,0.6242386645800533,0.5641672340887658,0.8524194995360054,0.48480545198869607,0.9895315734800548,0.8807545505073995,0.653266461509399,0.6956606133221016,0.653266461509399,0.37527162103433276,0.805742406816704,0.885674820312278,0.8212996348755346,0.8718424319352804,0.5772015648343198,0.695660613322101,0.8999486791614582,0.7423987984404066,0.8999486791614579,0.8957311681504387,0.8855819136499601,0.9084949668868673,0.9013074739012175,0.7211376823205284,0.9712728287343317,0.9070443953633425,0.7259400959350142,0.8208186073753734,0.6516622705307333,0.8887245032879902,0.6957998443622274,0.7770120330538697,0.8940560916697369,0.5526123685090738,0.945578214089217,0.9982830768279254,0.6956606133221015,0.6658692945391582,0.8500547776717575,0.5805599457019839,0.7308573481678817,0.6278833997112423,0.8421984682362704,0.6380496334370392,0.9070443953633425,0.3752716210343332,0.9796809455882907,0.866788058141323,0.7718383311603647,0.5836223287744761,0.6593127124000147,0.653266461509399,0.921643268788074,0.36117404529214514,0.88393241720018,0.2832946298166603,0.921643268788074,0.3301419676655568,0.4413045616139376,0.6845199446603019,0.8272644488778613,0.19208401156611088,0.9660724341007283,0.8161271646591661,0.6242386645800533,0.4996022801969565,0.8807545505073995,0.8718424319352804,0.6622969624547457,0.9266838096834786,0.17057800956106062,0.22812039678303941,0.8500547776717576,0.8090288595204707,0.684519944660302,0.7187497090480621,0.7526547419061123,0.8500547776717576,0.9941860745862212,0.7187497090480621,0.8178119919285607,0.6517098708077269,0.9013074739012173
p19_V,0.8735072857383621,0.9027725084740903,0.7064211514001524,0.9698106083866691,0.8184207762634901,0.5167698040736954,0.0,0.8977502473182306,0.8037640853603975,0.8549576060687909,0.9946203176062455,0.8302363041408662,0.8280658203152553,0.9211953410952489,0.7426552702658122,0.9869570577247592,0.9976588628762542,0.7549461005926643,0.8475505110473562,0.8302363041408662,0.9522769382235725,0.8640913667989649,0.8068641787986224,0.7329266277735218,0.8640378870109902,0.980228722316446,0.7426552702658122,0.7429955602498617,0.8302363041408662,0.8728179755993657,0.6867517867599231,0.8998983513661672,0.9007439120052687,0.7748230614197587,0.9315404363050863,0.792722022848577,0.8640913667989649,0.8475505110473565,0.8683051783889046,0.8640913667989649,0.9214585025547593,0.8184207762634901,0.7672751322216279,0.9948401711431414,0.7708008989389215,0.6108953826276364,0.8302363041408662,0.8324478842609664,0.881075585333011,0.8324478842609664,0.7861205996728544,0.986229316042806,0.9886497434594932,0.9808994029288425,0.8092514229080289,0.9414163183964206,0.8184207762634901,0.8760895706243701,0.522560391998508,0.8254282752806879,0.9315149988089662,0.9362161004048666,0.9396268589483361,0.9839368072021888,0.6669413268214217,0.9305225943031783,0.8076370114693043,0.9151775313692119,0.7903294603532711,0.8598784147985183,0.6682066833507507,0.8706039526572193,0.9528785797389898,0.6285901799791813,0.8096970364015619,0.85243555234052,0.8848856887953298,0.8810755853330112,0.8664954492522843,0.7426552702658122,0.7277600695234803,0.9710017546702808,0.8998185247171355,0.7241056845933236,0.7692813619698553,0.8076370114693043,0.8160484658505387,0.9948401711431414,0.8419393617593335,0.7649614076618805,0.8735615076972318,0.929358598549411,0.8324478842609664,0.8735072857383624,0.8269528476280221,0.9673488184713679,0.6695403080764362,0.8178788371695187,0.8269528476280219,0.7487134366812906,0.8475505110473562,0.7833121839826196,0.5914722787775726,0.8364249723448267,0.8347689246706737,0.8184207762634899,0.7581927118184999,0.8302363041408662,0.8092514229080288,0.7430211701945553,0.9403712637699428,0.6664091349621173,0.6083961749672903,0.7426552702658129,0.6155505722242761,0.8475505110473562,0.8640913667989649,0.966353855836449,0.7426552702658129,0.7531839287838731,0.8640913667989649,0.9907515841409954,0.9124270567097179,0.8984479506172282
p26_Y,0.9508438853409203,0.9352128897977869,0.942655235512224,0.8814913406027425,0.9569383623655394,0.9608210690971073,0.8977502473182306,0.0,0.9426552355122241,0.8234895749182143,0.9011258584421028,0.9401067911362968,0.8117807817773277,0.846950179009069,0.9480089624823687,0.8115723203139251,0.8302997802130297,0.8795344475654905,0.9638464989785201,0.9401067911362968,0.9959516600779881,0.9677691742817984,0.9323013197019312,0.9422435298987422,0.895112370235102,0.8862538624214484,0.9480089624823687,0.9569383623655394,0.9401067911362968,0.9174154759190729,0.9734272026991968,0.86644591611479,0.9538109520301368,0.9674546963038254,0.8873566730060953,0.9508438853409203,0.9677691742817984,0.9638464989785201,0.9569383623655394,0.9677691742817984,0.8890495509000671,0.9569383623655394,0.9471244006783466,0.9638464989785203,0.9352128897977869,0.8116896772780566,0.9401067911362968,0.9602649006622517,0.9569383623655394,0.9602649006622517,0.8854016271090387,0.9071308839038912,0.9545863988838159,0.9174154759190729,0.9457965756048854,0.891270919133348,0.9569383623655394,0.9452849165123252,0.8361388422320997,0.9452849165123252,0.846950179009069,0.7942106644892195,0.9480089624823687,0.9328513034930582,0.8951801993390716,0.9303098694663269,0.8213875074783001,0.9625449732024167,0.9305379503026642,0.9282674938941458,0.9488809564768736,0.9452849165123252,0.9426552355122241,0.9345156164361474,0.919530443509939,0.9323013197019312,0.9192923157736201,0.8820931350485006,0.9051185822001558,0.9480089624823687,0.9260353155451767,0.9961903238899741,0.9051185822001558,0.9245595061003269,0.9452849165123252,0.9677691742817984,0.9622902790059658,0.9638464989785203,0.895112370235102,0.8839324172001806,0.9305379503026643,0.9675915863985973,0.9602649006622517,0.9508438853409203,0.8556670729613044,0.8664459161147899,0.9132498588140302,0.9508438853409202,0.8556670729613045,0.9305379503026642,0.9638464989785201,0.9393389294841981,0.9031173702976081,0.9216701410092853,0.9091557680541024,0.9569383623655394,0.9426552355122241,0.9401067911362968,0.9457965756048854,0.9823323375783315,0.8814913406027425,0.8854016271090388,0.9071308839038912,0.9480089624823687,0.8332396344125084,0.9638464989785201,0.9677691742817984,0.9923555224050886,0.9480089624823687,0.8736473377026386,0.9677691742817984,0.9376289363124707,0.9071308839038912,0.9328513034930583
p31_M,0.3490510693054022,0.6041865520532155,0.6316091954022985,0.5706895988777119,0.9378544533734134,0.8900962635178344,0.8037640853603975,0.9426552355122241,0.0,0.6751196737461526,0.4200226309505126,0.04254980529973851,0.6953299188612383,0.779122083852866,0.09336034454001219,0.8317931465875281,0.8068641787986223,0.5239737557427371,0.9478241142959527,0.04254980529973851,0.4044854470931972,0.9534852273969034,0.9172413793103449,0.9166472154140187,0.957643790944233,0.8690513204108652,0.09336034454001219,0.2490746449287462,0.04254980529973851,0.30562335829916476,0.8233195795740587,0.9426552355122241,0.3035528248699243,0.20057491922625204,0.49091734043971424,0.9290590469071476,0.9534852273969034,0.9478241142959527,0.9378544533734132,0.9534852273969034,0.9780053449315306,0.9378544533734134,0.961111848175685,0.7791220838528667,0.9065007603275312,0.6292393337286115,0.04254980529973862,0.942655235512224,0.9378544533734134,0.942655235512224,0.887975934196635,0.8659734673002315,0.5239737557427371,0.5090135313346706,0.08058703672161782,0.643671591850634,0.9378544533734134,0.2336948661215682,0.6665808996941078,0.1397761260599638,0.9156489847784566,0.7509803152304679,0.9249677526515871,0.9030925742975653,0.8971957774056833,0.7975519284486099,0.9534852273969034,0.8997539971682469,0.8997539971682469,0.7272944418703453,0.7767869458162049,0.8911260465527908,0.9172413793103449,0.9054944717470761,0.7708156941865494,0.45114942528735547,0.8659734673002313,0.9378544533734132,0.8280497430820705,0.09336034454001219,0.8932559001697249,0.7657226064067888,0.3956164882701626,0.1397761260599648,0.8911260465527908,0.437946497712583,0.8324939836252521,0.779122083852866,0.9333410480433826,0.8346143129464518,0.8997539971682469,0.4819205298683844,0.942655235512224,0.24592394305005327,0.6026910444877089,0.942655235512224,0.8748042285409661,0.14279681679470202,0.6026910444877089,0.8997539971682469,0.9478241142959527,0.12954036118396395,0.8601812584884585,0.26790670599096056,0.36875723136800154,0.9378544533734134,0.9172413793103447,0.04254980529973851,0.08058703672161771,0.867479805003758,0.8289710790670726,0.8346143129464518,0.9285989602581591,0.09336034454001219,0.6622033406439601,0.9478241142959527,0.9534852273969034,0.38940291244539615,0.09336034454001219,0.6521857810719578,0.9534852273969034,0.5011809622306669,0.5077716031204944,0.304487330114817
p32_V,0.8319223749790098,0.9741400747378206,0.9867709715635269,0.942127321301645,0.8087124962499925,0.5503340600087856,0.8549576060687909,0.8234895749182143,0.6751196737461526,0.0,0.9476389701816228,0.707249025761131,0.13933415409050598,0.9855692462364272,0.7054506129394829,0.48224980148215435,0.5423032923772608,0.8127600535805244,0.8393996758570128,0.707249025761131,0.9995532061934701,0.8568249018355396,0.7452642896418693,0.4772329349595593,0.8531773405004203,0.34680771500913554,0.7054506129394829,0.7560391256521646,0.707249025761131,0.9313446713111107,0.45616768345679737,0.8234895749182143,0.7966784943132409,0.8352879039158045,0.8711831685750102,0.8368451506072394,0.8568249018355396,0.8393996758570128,0.8087124962499923,0.8568249018355396,0.8643629369832269,0.8087124962499925,0.7107169898547177,0.9855692462364272,0.71220405756607,0.65739703844931,0.707249025761131,0.8234895749182141,0.8708908359782557,0.8234895749182143,0.6691351581638054,0.9227019001336794,0.7233871402994341,0.9960702337114105,0.7367036957515876,0.7917525683691518,0.8708908359782557,0.7905699017777615,0.9365390327977245,0.7402938690241045,0.9413459685738657,0.7021519516206058,0.968202054805967,0.9562296937330159,0.9856221246182345,0.7506024188098424,0.8568249018355396,0.6914371393685899,0.9368669338861567,0.8827516699213747,0.6536840999497456,0.9077739017002986,0.890168298794864,0.7100530588080673,0.8643629369832271,0.8683250192834786,0.9227019001336794,0.8087124962499925,0.9753557278267899,0.7054506129394829,0.7501306809875088,0.8675570695778827,0.9753557278267901,0.7402938690241047,0.8574978689466417,0.8173998748047464,0.6691351581638054,0.8682611833841585,0.9133932160420204,0.7285357072413154,0.6914371393685905,0.9316291488373611,0.8234895749182141,0.7767169625767179,0.764084714318018,0.8904271032704856,0.6146403418678825,0.7215115501744259,0.7370688865630428,0.6914371393685903,0.8393996758570128,0.7538163033249636,0.5696300138461043,0.895541382435886,0.5533480634806301,0.8087124962499925,0.7452642896418693,0.707249025761131,0.7367036957515876,0.5831605120068003,0.9994417426492119,0.5206337854700305,0.6545073878903128,0.7054506129394829,0.8958421276115773,0.8393996758570128,0.8568249018355396,0.9838727237227309,0.7054506129394829,0.6247279674185751,0.8568249018355396,0.9618535855500666,0.9227019001336794,0.8740928227134909
p33_D,0.502841553063744,0.4536130828049034,0.7813577378583278,0.5663670660971399,0.6420047720573531,0.8037616427501226,0.9946203176062455,0.9011258584421028,0.4200226309505126,0.9476389701816228,0.0,0.3942480013479376,0.9483465307634517,0.7254710018898687,0.4741695179503812,0.8860957535651203,0.9296503071585942,0.4322549094951931,0.8165937348777981,0.3942480013479376,0.6036473094310302,0.8771113508152295,0.8415802556762969,0.660419187903944,0.957826742738912,0.706019403219988,0.4741695179503812,0.5644802882132212,0.3942480013479376,0.5267498981344714,0.8381992669975592,0.8484992992258025,0.5328500734156413,0.4753930064395071,0.3837337762770656,0.6405027103282807,0.7755665196467619,0.8165937348777976,0.9521027074338801,0.8771113508152295,0.9697592275309931,0.642004772057353,0.727469503547653,0.725471001889868,0.8890584939705386,0.8562805519841785,0.39424800134793747,0.681582737671073,0.9521027074338804,0.6815827376710732,0.6186088657775821,0.938500442693567,0.5768388173771958,0.25525075321527,0.4253310654021306,0.39513215907090227,0.719529255901485,0.4466188770333276,0.7809675358966565,0.4466188770333278,0.9988392008536567,0.9357615388525948,0.9361491557511177,0.8497552893740653,0.9925821554960297,0.9229118617568925,0.9197989868478342,0.8123962864702585,0.812396286470259,0.52561452960353,0.6812079593792537,0.6973572213501169,0.8415802556762971,0.9103201919483805,0.5088076471781705,0.6609127022223894,0.8525075552044856,0.892848324877856,0.49392881322153626,0.4741695179503812,0.7425192600459458,0.7054144964621065,0.3290026558282435,0.5093034631125248,0.5093034631125251,0.6740216884782932,0.6556394211720902,0.8165937348777984,0.885066287903848,0.7518716925157805,0.7609036588056272,0.3329250430312909,0.681582737671073,0.5028415530637442,0.5170592154923552,0.9319575800031674,0.7348364290782434,0.502841553063744,0.5170592154923552,0.6579184034763637,0.9077164678657275,0.45230847985121836,0.8340980973880382,0.4898188958174594,0.6748327416895811,0.6420047720573532,0.7211352200403585,0.3942480013479376,0.4253310654021307,0.7158451340787266,0.9670541056103765,0.8407921981446308,0.7713068410120092,0.4741695179503811,0.8065446219989792,0.9077164678657275,0.8771113508152295,0.3214384410147293,0.4741695179503811,0.6774788155525597,0.8771113508152295,0.42533106540213084,0.4369196376488944,0.373755791359613
p35_I,0.2786954205594121,0.547284142971369,0.6514836964893151,0.5472259752003994,0.9350926586358448,0.8807545505073995,0.8302363041408662,0.9401067911362968,0.04254980529973851,0.707249025761131,0.3942480013479376,0.0,0.681790151774796,0.6596182120273674,0.13193768535685546,0.8243179077684231,0.8412948547514079,0.5028187921500313,0.9455053787728545,1.1102230246251565e-16,0.3727564226638066,0.9514180759891553,0.9135635240895599,0.95499820448438,0.9645199012674857,0.9027471324745038,0.13193768535685546,0.28102637258166463,1.1102230246251565e-16,0.2747647391536465,0.8154677690767473,0.9401067911362968,0.22880992943667378,0.1650478686006025,0.4682933249393102,0.9259063777045229,0.9019018842088714,0.9455053787728545,0.9350926586358448,0.9514180759891553,0.921541395095691,0.9350926586358448,0.9943408250129142,0.7912436817606266,0.9023455839374082,0.612762451432308,0.0,0.9401067911362968,0.9350926586358448,0.9401067911362968,0.9052850429744487,0.8600172275888178,0.5550311330412983,0.5362157975988304,0.03972763453641903,0.6690709056610842,0.9350926586358448,0.17700294632667524,0.6517635046173103,0.08645596845231573,0.9228691514938867,0.7823081297041204,0.9216332632613828,0.8987859355621388,0.8809447879033541,0.7885549841944841,0.9514180759891553,0.8952989895593094,0.8952989895593095,0.6728577149802033,0.766867190148022,0.9013787693215569,0.9135635240895601,0.8769668644566464,0.7883738170418912,0.39051202883663894,0.8600172275888178,0.9350926586358448,0.7856657666604091,0.13193768535685546,0.8885121122528024,0.7514583550530229,0.3687572313680013,0.17700294632667424,0.8108317914471969,0.46186176480295027,0.8517949413449106,0.6596182120273674,0.9303786741852553,0.8807545505073993,0.8952989895593098,0.4588966893533235,0.9401067911362968,0.17927064534240345,0.5850343362908043,0.9401067911362968,0.8692404344873232,0.17927064534240456,0.5850343362908044,0.8952989895593095,0.9455053787728545,0.08386752136752107,0.912755007230996,0.3032715950493845,0.34070432892896674,0.9350926586358448,0.9135635240895601,1.1102230246251565e-16,0.03972763453641903,0.8573587086093881,0.8213704254491585,0.8272644488778611,0.920394412392542,0.13193768535685546,0.6471914035572464,0.9455053787728545,0.9514180759891553,0.3569152985066617,0.13193768535685546,0.6793228316149875,0.9514180759891553,0.5263207320440536,0.4758337395702169,0.33724252036362146
p35_W,0.793725761186155,0.9969587790230796,0.9684929534565335,0.9222906168880758,0.7960234677645214,0.5162257469739553,0.8280658203152553,0.8117807817773277,0.6953299188612383,0.13933415409050598,0.9483465307634517,0.681790151774796,0.0,0.9532523620800002,0.7237740226073863,0.4479049180550734,0.6467264119913261,0.804099317971062,0.8287462769267326,0.681790151774796,0.9924479120147043,0.8473274027129976,0.7283664336835136,0.4663785845387005,0.8392332533758553,0.3258627870063566,0.7237740226073863,0.771215511141287,0.681790151774796,0.9220836723930882,0.42009264655864764,0.8117807817773277,0.7545997246932594,0.6989882500312403,0.8781810524782965,0.8220447668538186,0.9283057735713064,0.8287462769267326,0.7960234677645217,0.8473274027129976,0.9768206067330478,0.7960234677645214,0.8314836856028092,0.9740805175889108,0.6931131559653058,0.6361977940304853,0.681790151774796,0.8117807817773276,0.8578464707779773,0.8117807817773277,0.6343479207299257,0.9934183782884117,0.7635238252546652,0.9696608989849193,0.713398064399301,0.7581431077443561,0.8578464707779773,0.7592900077052274,0.9076530080796027,0.7093012923741702,0.9740805175889108,0.6890549294314334,0.9104761591342009,0.9384807505068391,0.9633569765155721,0.7698139915904396,0.8473274027129977,0.8762863113128629,0.9594595734746167,0.9005130656882914,0.6524749222496009,0.8907889849773718,0.9684929534565336,0.6923766558162863,0.8393831941300076,0.8874311346796542,0.926752919661357,0.7960234677645214,0.9891095843952,0.7237740226073863,0.8061310102253991,0.905381137538797,0.9780097377210768,0.7592900077052278,0.8907889849773716,0.8287591138537673,0.6343479207299256,0.8079181214178217,0.8706474452449409,0.7820006379248888,0.6709686672972135,0.9831485886110365,0.8117807817773276,0.7388358366204373,0.7460995312743988,0.8783357756083177,0.5890775655059703,0.7388358366204368,0.7192380935453426,0.6709686672972135,0.8287462769267326,0.7280913067065449,0.5735365321860912,0.9212083977138177,0.5173487978341065,0.7960234677645213,0.7283664336835138,0.681790151774796,0.7133980643993003,0.5705429174914214,0.9222906168880758,0.4866952035349629,0.6267583558396108,0.7237740226073863,0.8679535292091506,0.8287462769267328,0.8473274027129976,0.9756085618233646,0.7237740226073863,0.63909447201197,0.8473274027129976,0.982033908514583,0.926752919661357,0.8963037977975545
p36_IFV,0.5766001590457821,0.688757720004285,0.9478241142959527,0.8600883373733973,0.8634290328339081,0.9363692769738574,0.9211953410952489,0.846950179009069,0.779122083852866,0.9855692462364272,0.7254710018898687,0.6596182120273674,0.9532523620800002,0.0,0.9526952729619627,0.8939525395040369,0.9315149988089664,0.8637739557125605,0.9671052631578947,0.6596182120273674,0.6823826492472389,0.9706743607050923,0.9156489847784567,0.722533457925312,0.7121238810920338,0.8468929488048216,0.9526952729619627,0.960819804501531,0.6596182120273674,0.7673908016117261,0.9699506872397545,0.846950179009069,0.5471729662433088,0.4959955676422503,0.7637335611706806,0.8886836098899709,0.7991193708298812,0.9671052631578947,0.9608198045015309,0.9706743607050923,0.6552178774463406,0.960819804501531,0.6613827320774406,0.9671052631578947,0.9410525984856599,0.9160410829813411,0.6596182120273673,0.9638464989785203,0.960819804501531,0.8469501790090689,0.9796809455882907,0.9897395063858146,0.8637739557125608,0.869974071687454,0.5476283643448014,0.9263531685494382,0.960819804501531,0.623457706091266,0.9364707898039294,0.7655662160520145,0.8263157894736842,0.9694867945071473,0.9526952729619627,0.938903878228172,0.9168514748904371,0.8723648684059024,0.7991193708298815,0.8297291877878787,0.9464650721429138,0.9514125223482459,0.9341685764285514,0.9502167640264896,0.9156489847784567,0.9022371690659142,0.9687166799999575,0.5060682820016855,0.9155018172949443,0.8634290328339081,0.7124347850734498,0.9526952729619627,0.9560793711478864,0.8946249740028687,0.8059083642524731,0.9076747260127624,0.6234577060912663,0.9706743607050923,0.9796809455882907,0.41315789473684217,0.8770747959407592,0.9796809455882907,0.9464650721429138,0.6733723327679932,0.9638464989785203,0.5766001590457823,0.8258751568437677,0.846950179009069,0.9797937271886913,0.8886836098899705,0.8258751568437677,0.9464650721429138,0.9671052631578947,0.6596182120273679,0.9958863365685914,0.7515750633741656,0.7942788596562189,0.960819804501531,0.9478241142959527,0.6596182120273674,0.5476283643448014,0.9573585381722571,0.8921733427125806,0.9796809455882907,0.8949808300665738,0.9526952729619627,0.9340036901929778,0.9671052631578947,0.9706743607050923,0.77464412789149,0.9526952729619627,0.9652554374291852,0.9706743607050923,0.9294689385268775,0.8002221537473329,0.938903878228172
p36_M,0.3911240573096546,0.6411398319270969,0.5841962959442119,0.5612891261949888,0.9436563830180988,0.8500547776717575,0.7426552702658122,0.9480089624823687,0.09336034454001219,0.7054506129394829,0.4741695179503812,0.13193768535685546,0.7237740226073863,0.9526952729619627,0.0,0.8474969963761072,0.8337209020197187,0.5684157299166821,0.9526952729619627,0.13193768535685546,0.4719633374797031,0.9578278625933287,0.9249677526515871,0.8295119595886127,0.9395643507647282,0.7920922714693692,0.0,0.17174883036605415,0.13193768535685546,0.3704506008088897,0.8398145244984982,0.9480089624823687,0.46741084111416853,0.27520952020121325,0.5384454729356078,0.9356821187298932,0.9578278625933287,0.9526952729619627,0.943656383018099,0.9578278625933287,0.8947103241157015,0.9436563830180988,0.8603003109432217,0.7502310412391631,0.9152298815575817,0.6638536772735929,0.13193768535685546,0.9480089624823689,0.9436563830180988,0.9480089624823687,0.8481324030265234,0.8784862305705852,0.5684157299166819,0.5179718779327772,0.16642374774783963,0.6459167305017108,0.9436563830180988,0.2541471049648244,0.6977090217748863,0.15196656000799824,0.8987678841386003,0.7307367732410528,0.9319727891156462,0.91213988494963,0.9331601059257804,0.8164525501601079,0.9578278625933287,0.9091129985313784,0.9091129985313786,0.684533640087579,0.7976261934606321,0.8672303747057806,0.9249677526515871,0.9692242594182123,0.7295969687516881,0.5841962959442117,0.8784862305705852,0.9436563830180988,0.9225153057420942,0.0,0.9032215661074929,0.7441168421404207,0.4520419411595614,0.04978601505117164,0.9284085353805678,0.38006958012193337,0.7877698391661796,0.9526952729619627,0.9395643507647282,0.8500547776717575,0.9091129985313786,0.5302886076989777,0.9480089624823689,0.3911240573096548,0.6397839454631675,0.9480089624823687,0.886492548899334,0.16672611598950493,0.6397839454631677,0.9091129985313786,0.9526952729619627,0.13193768535685568,0.8732347843691264,0.3362551881550764,0.42769027373587387,0.9436563830180988,0.9249677526515874,0.13193768535685546,0.16642374774783963,0.8320968828077178,0.8449383980516769,0.8500547776717575,0.8784862305705853,0.0,0.6937401531459054,0.9526952729619627,0.9578278625933287,0.38600966865582764,0.0,0.5885244001010885,0.9578278625933287,0.44097928258054364,0.5083032115588314,0.22573273611861489
p36_Q,0.8558125498178819,0.8419524320128927,0.9418284631948535,0.9482814932894589,0.7013652009849773,0.5918838876642203,0.9869570577247592,0.8115723203139251,0.8317931465875281,0.48224980148215435,0.8860957535651203,0.8243179077684231,0.4479049180550734,0.8939525395040369,0.8474969963761072,0.0,0.4527635088866311,0.6598945995884884,0.6898111780493085,0.8243179077684231,0.854957606068791,0.9090040458458699,0.6730479286795067,0.6480922188335851,0.9309876922747513,0.26648708683561784,0.8474969963761072,0.873689208875821,0.8243179077684231,0.8404365637397323,0.5724170568415408,0.8878175412178264,0.8645157148952176,0.78959022245128,0.9550031471178393,0.7040152064317073,0.8162354432341917,0.8563056910279704,0.7721894660081776,0.9090040458458699,0.9324073630580625,0.6305409359617766,0.821488570699463,0.8563056910279704,0.8916788211390967,0.6387858041605542,0.824317907768423,0.6590818785061221,0.9138379960545779,0.8878175412178265,0.7948645517720896,0.9287358970091953,0.8777976266919676,0.8701901417882638,0.817049726150596,0.9364354415300209,0.7013652009849771,0.8395066731920333,0.9388210838997775,0.8395066731920333,0.977199795993368,0.9016302221951016,0.9672118542208632,0.9070574746060185,0.9979293289935309,0.8680508533016469,0.9054587489307739,0.8274118083288109,0.8744540758502984,0.7974805891093567,0.7575885572360077,0.816891704414547,0.8931185618941582,0.9002347342979794,0.688591065517502,0.9418284631948535,0.8905500124714603,0.7721894660081774,0.9016312967296874,0.8474969963761072,0.7239503480746181,0.689528087292411,0.7509592341595499,0.8395066731920333,0.702357830283407,0.9054587489307739,0.65954410903351,0.8939525395040369,0.8645157148952176,0.693374219718155,0.9214963433717855,0.8769310629323415,0.6590818785061221,0.8558125498178819,0.7771451726852703,0.8878175412178265,0.4155045984912509,0.8558125498178817,0.7771451726852703,0.7333272732858367,0.8563056910279703,0.8243179077684231,0.6149340414305354,0.8990690553325325,0.7335306449894032,0.6305409359617768,0.5079949537685187,0.8243179077684231,0.817049726150596,0.7841812723414439,0.9482814932894589,0.6257139983488651,0.6232488207073164,0.8474969963761073,0.7872382718629576,0.8563056910279704,0.9090040458458699,0.8827956220784758,0.8474969963761073,0.8879889921489891,0.9090040458458699,0.875201777481299,0.8141782433959903,0.9070574746060186
