,p1_P,p7_K,p7_Q,p11_I,p14_N,p19_L,p19_V,p31_M,p32_V,p35_I,p35_W,p36_IFV,p36_M,p36_Q,p37_Y,p38_K,p42_L,p52_T,p56_G,p56_V,p60_V,p60_Y,p64_Q,p64_T,p69_R,p87_C,p87_V,p93_V,p94_T,p96_Y,p97_T,p98_C,p100_MS,p100_V,p101_G,p103_M,p104_I,p104_S,p104_V,p105_MH,p108_I,p108_T,p109_G,p111_T,p112_M,p119_I,p119_TF,p122_Q,p124_S,p133_V,p149_T,p150_G,p151_T,p153_S,p154_G,p157_V,p158_L,p158_V,p162_V,p165_C,p165_S,p166_S,p169_V,p179_MW,p183_M,p185_V,p205_M,p209_I,p209_S,p209_T,p209_V,p213_C,p213_F,p213_I,p214_L,p214_V,p218_L,p218_T,p218_V,p225_S,p228_L,p228_M,p255_L,p259_L,p259_MC,p261_Y,p263_I,p263_L,p271_V,p271_Y,p273_G,p274_W,p275_LVAT,p277_F,p277_L,p279_Q,p279_R,p281_V,p282_S,p284_S,p284_T,p286_L,p286_M,p287_S,p287_T,p288_M,p290_L,p292_S,p295_S,p301_Y,p303_P,p304_V,p315_S,p319_N,p319_T,p320_T,p326_S,p345_T
p1_P,0.0,0.7073119406212138,0.5553053218161018,0.5852107777685547,0.9205157479890115,0.921643268788074,0.8735072857383622,0.34905106930540175,0.8319223749790096,0.2786954205594121,0.7937257611861548,0.5766001590457822,0.3911240573096548,0.8558125498178819,0.9039789199862639,0.6538464115759762,0.9552746646879349,0.2786954205594121,0.583128360544923,0.9601273888585551,0.9290590469071476,0.9817087302973111,0.9720718636412558,0.3911240573096548,0.38949329838368474,0.2786954205594121,0.4822655562833993,0.909990350584474,0.9508438853409202,0.3147302760265891,0.5636127237103046,0.942942942942943,0.8659837236634764,0.9552746646879349,0.9467286396096567,0.9601273888585551,0.9416786387405184,0.9467286396096568,0.9345878312564442,0.8886836098899709,0.9198521541254845,0.7387556837664573,0.2786954205594121,0.9508438853409202,0.9467286396096568,0.9062392627799036,0.9601273888585549,0.985055674975045,0.9566890587535715,0.6538464115759761,0.7147278279616824,0.3080188016730664,0.7434379440537606,0.9467286396096568,0.1015984711025325,0.7695894223175948,0.4236282428762823,0.8886836098899709,0.855073875528724,0.9356821187298932,0.9169306462116418,0.8426292225936405,0.8264608686323742,0.9601273888585551,0.9977534328697781,0.9977534328697781,0.9167378113157807,0.8086610594206742,0.9603445291658653,0.9678138268375022,0.8324682064403606,0.9416786387405184,0.34905106930540164,0.8851120295357895,0.9467286396096568,0.6937394798961551,0.3911240573096548,0.9925086587702892,0.8128790898530178,0.5525268465443085,0.4236282428762823,0.8530012719079487,0.5182059487075394,0.8881195126510131,0.7326418844678765,0.9428597341936584,0.921643268788074,0.9977534328697781,0.5559006290498654,0.9508438853409202,0.23573573573573547,0.659425498618891,0.9508438853409202,0.9675660509348452,0.4714714714714714,0.659425498618891,0.9977534328697781,0.9552746646879346,0.278695420559412,0.9498392705800514,0.4529422115492949,0.5315062789016389,0.9467286396096568,0.9290590469071476,0.2786954205594121,0.3080188016730663,0.9014536358536043,0.8533934645561272,0.921643268788074,0.9566890587535716,0.3911240573096548,0.7659475384009928,0.9552746646879349,0.9601273888585551,0.4194888086838957,0.3911240573096548,0.9601273888585551,0.6139320387034852
p7_K,0.7073119406212138,0.0,0.9065007603275312,0.5519682404749319,0.3353363423672253,0.785681623238943,0.9027725084740901,0.6041865520532149,0.9741400747378206,0.5472841429713687,0.9969587790230795,0.6887577200042851,0.6411398319270969,0.8419524320128925,0.8332842724555725,0.5111420398607223,0.44196459899758167,0.5472841429713687,0.6677009216398344,0.9474484248808783,0.522634437450006,0.7393360127294741,0.8145396973154945,0.6411398319270969,0.8602467762120223,0.5472841429713687,0.7057169645937742,0.8109116574488703,0.7257345668106314,0.572886340751072,0.47543498842499377,0.42768501168123796,0.5025117555389815,0.6887577200042851,0.929789050250059,0.9474484248808783,0.9936386109603155,0.440318429136185,0.7055515811567274,0.44196459899758167,0.8107981220657278,0.894282943075532,0.5472841429713688,0.38668202341904934,0.7552646894430629,0.612717052346771,0.9474484248808783,0.5850975090721118,0.7552029940613367,0.8537790922797697,0.39933475929684215,0.569493292181329,0.6618545971833618,0.4403184291361847,0.5798944233163981,0.9737711411595624,0.5798944233163981,0.9410525984856599,0.988677436906245,0.9073180038362896,0.8230003627839839,0.8861555914159732,0.9524961409692453,0.9474484248808783,0.6251442591490832,0.6251442591490837,0.30085046041808394,0.7478178022152178,0.5798944233163981,0.848842895862842,0.9015094859367725,0.38215008952063667,0.930395010466051,0.9051817193492364,0.9652288629809815,0.6521875934772721,0.6411398319270969,0.655556289106362,0.7678247948320869,0.4288479295751515,0.6647806209217075,0.41012202810577947,0.9150416202240865,0.7355355946972351,0.8121542805076367,0.9246898839858693,0.9134422055108102,0.694874533217323,0.46573555060984617,0.38668202341904934,0.8005209169345393,0.5511273031631672,0.7257345668106313,0.6677009216398344,0.8005209169345392,0.5511273031631674,0.6251442591490837,0.688757720004285,0.5472841429713686,0.717067555232968,0.6821317438027321,0.7461856861324535,0.5453005159051443,0.6041865520532153,0.5472841429713687,0.5694932921813292,0.8383792930579907,0.8972605993234943,0.7856816232389429,0.755202994061337,0.6411398319270969,0.9256297620583632,0.9410525984856599,0.9474484248808783,0.2951052694733973,0.6411398319270969,0.9474484248808783,0.4275127834814514
p7_Q,0.5553053218161018,0.9065007603275312,0.0,0.8435711089028102,0.9378544533734134,0.8346143129464516,0.7064211514001526,0.6316091954022985,0.9867709715635269,0.6514836964893149,0.9684929534565336,0.9478241142959527,0.5841962959442121,0.9418284631948535,0.9497784863007652,0.9030700183794993,0.9478241142959527,0.6514836964893149,0.8631192898714567,0.9534852273969034,0.9172413793103449,0.8643016666940228,0.8850283124181524,0.5841962959442121,0.4813806168424146,0.6514836964893149,0.780200428715345,0.8233195795740584,0.9426552355122241,0.7272944418703455,0.8827113480424833,0.9290590469071476,0.9534852273969034,0.9478241142959527,0.9378544533734133,0.9534852273969034,0.9529314381534757,0.9378544533734134,0.903513359152879,0.9478241142959527,0.9065007603275312,0.6787371437665437,0.6514836964893149,0.942655235512224,0.9378544533734134,0.9426552355122242,0.9534852273969034,0.8346143129464518,0.8659734673002315,0.7406001915351728,0.9157938774056824,0.6694185324342878,0.8717798898300451,0.9378544533734134,0.609369826367981,0.6665808996941078,0.7032885664295845,0.9156489847784567,0.9908336312354773,0.9249677526515871,0.9030925742975653,0.7517880031056137,0.7975519284486094,0.9534852273969034,0.8997539971682469,0.8997539971682471,0.8964773276695863,0.7767869458162053,0.9210364733240022,0.9172413793103447,0.703625520240831,0.8838682212384821,0.6316091954022985,0.8659734673002315,0.9378544533734134,0.9516021015997591,0.5841962959442121,0.8932559001697249,0.9095878637502082,0.8280497430820706,0.609369826367981,0.9210364733240022,0.5900885664352115,0.9989398353394003,0.9478241142959527,0.9333410480433826,0.8324939836252523,0.8997539971682469,0.8773159032535551,0.942655235512224,0.5553053218161018,0.9559617096236375,0.942655235512224,0.8748042285409663,0.5553053218161019,0.9559617096236375,0.8997539971682469,0.9478241142959527,0.6514836964893149,0.8601812584884585,0.7609033543463126,0.8134596690132363,0.9378544533734134,0.9172413793103449,0.6514836964893149,0.6694185324342878,0.8148072211698087,0.8289710790670726,0.8346143129464518,0.8659734673002317,0.5841962959442122,0.6622033406439606,0.9478241142959527,0.9534852273969034,0.7891127501635595,0.5841962959442122,0.9534852273969034,0.6904752617241193
p11_I,0.5852107777685547,0.5519682404749319,0.8435711089028102,0.0,0.7068933124311745,0.8384051315472589,0.9698106083866691,0.5706895988777123,0.9421273213016449,0.5472259752004002,0.9222906168880758,0.8600883373733974,0.5612891261949884,0.9482814932894589,0.8520532299197638,0.540357679195296,0.8600883373733974,0.5472259752004002,0.6642826795886134,0.7280297837969851,0.6798422028877513,0.8820250854203615,0.9086674504323698,0.5612891261949884,0.6366372056398681,0.5472259752004002,0.672201859475325,0.9099089433770128,0.7403407828653583,0.5767584656549605,0.4218898266191995,0.7723426969936609,0.8200541888484365,0.694929457430716,0.8715700468209879,0.7280297837969851,0.8853225248511449,0.7771494192224809,0.8655261733060018,0.7775088974020568,0.9547569611699791,0.8026303444651969,0.5472259752004001,0.7403407828653583,0.7771494192224807,0.8159743581717382,0.9038725959972105,0.7712876861846125,0.6330267397420171,0.8024143087598481,0.6311944426925571,0.5754602731837104,0.80688143905027,0.7771494192224809,0.5383030761974759,0.7800288570306921,0.5951106130603255,0.9747527826839213,0.995564516038886,0.8581753640716556,0.9126876730907043,0.9561178110375319,0.8021922569377739,0.9038725959972105,0.8338492116000074,0.9271789925617208,0.6222714251701464,0.628525517891984,0.6519181499231754,0.7344185048927708,0.8747869910293959,0.6133958900434193,0.7889948068977904,0.9124186104709744,0.9879177395963996,0.6851273512995217,0.5612891261949884,0.6870859876512823,0.5907747228474314,0.4982981530909987,0.5951106130603255,0.765533223648875,0.7280297837969852,0.7041702408219661,0.8600883373733972,0.9941201129303787,0.8595663643208322,0.9271789925617206,0.54431548646242,0.7403407828653583,0.6475880841769235,0.6062789702399486,0.9672415087844979,0.7039124685394313,0.6475880841769235,0.5757534385499103,0.6471896496765812,0.9426677773447381,0.5472259752004001,0.7725992218411969,0.7224280290599754,0.46399402164424774,0.7771494192224808,0.8981474109078297,0.5472259752004002,0.5754602731837104,0.6491401567086583,0.9243061396131202,0.8719638542285821,0.8224245104866037,0.5612891261949884,0.9187962393185966,0.7775088974020566,0.7280297837969851,0.36606520609732995,0.5612891261949884,0.7280297837969851,0.552031941327487
p14_N,0.9205157479890115,0.3353363423672253,0.9378544533734134,0.7068933124311745,0.0,0.6242386645800535,0.8184207762634899,0.9378544533734134,0.8087124962499925,0.9350926586358448,0.7960234677645215,0.8634290328339081,0.9436563830180988,0.7013652009849767,0.7429955602498624,0.7122556591715602,0.3361755448402266,0.9350926586358448,0.9059873208637055,0.965070877866961,0.36522763088557997,0.6695157217717784,0.7289970056423365,0.9436563830180988,0.9533333333333334,0.9350926586358448,0.9105016746036205,0.6482601384082858,0.5601561298765811,0.9808740334618502,0.6177169231090747,0.12398207358102098,0.44737138910941954,0.5119267075047871,0.9533333333333334,0.965070877866961,0.9127937027984507,0.1495238095238095,0.5966804410065554,0.511926707504787,0.6502826026741038,0.8323836580304946,0.9350926586358448,0.0772506221187017,0.5980952380952381,0.3991876272906214,0.965070877866961,0.6242386645800535,0.5363190752252147,0.9391651625100366,0.4785749737776154,0.9324073630580625,0.6773657228065348,0.1495238095238095,0.938394063057816,0.8136113180991378,0.940704285693148,0.960819804501531,0.790748934935918,0.8036022493773731,0.6647370944982565,0.8120216491703458,0.7586002213526366,0.965070877866961,0.38006958012193204,0.38006958012193315,0.49655520338289705,0.8323836580304946,0.5756891093107077,0.7136865887560832,0.8435838262279898,0.464870448990493,0.9378544533734134,0.8993560783434575,0.9533333333333334,0.5461530968550596,0.9436563830180988,0.41780813435684916,0.7880644752131754,0.625677610017733,0.940704285693148,0.33388580681263547,0.965070877866961,0.6956606133221013,0.960819804501531,0.9499441028332993,0.875807694225611,0.47938496371464356,0.61096098993629,0.0772506221187017,0.9467286396096568,0.7016506315089432,0.5601561298765814,0.5036130541603656,0.9467286396096568,0.7016506315089432,0.3800695801219329,0.511926707504787,0.9350926586358448,0.6340228728556916,0.9942253422610398,0.9015504815029161,0.299047619047619,0.36522763088557997,0.9350926586358448,0.9324073630580625,0.8609340468003064,0.7068933124311746,0.6242386645800535,0.5363190752252147,0.9436563830180988,0.8160267577984399,0.960819804501531,0.965070877866961,0.4914617899202547,0.9436563830180988,0.965070877866961,0.540914709752655
p19_L,0.921643268788074,0.785681623238943,0.8346143129464516,0.8384051315472589,0.6242386645800535,0.0,0.5167698040736957,0.8900962635178344,0.5503340600087856,0.8807545505073995,0.5162257469739556,0.9363692769738574,0.8500547776717575,0.5918838876642206,0.6452499429511434,0.348410107605414,0.6845199446603019,0.8807545505073995,0.7264561673414104,0.7187497090480622,0.5550842307683395,0.24924235859918786,0.5812202256466052,0.8500547776717575,0.8758076942256109,0.8807545505073995,0.9463633376595215,0.16309305396056706,0.730155113406326,0.8856556353349614,0.7742131531953995,0.6344698879031291,0.812301182945211,0.6845199446603019,0.981348408290293,0.7187497090480622,0.8923456606206842,0.6242386645800535,0.564167234088766,0.8524194995360055,0.4848054519886962,0.9895315734800548,0.8807545505073995,0.653266461509399,0.6956606133221014,0.6532664615093993,0.9070443953633425,0.37527162103433265,0.8057424068167041,0.885674820312278,0.8212996348755346,0.8718424319352804,0.57720156483432,0.6956606133221015,0.8999486791614582,0.7423987984404066,0.8999486791614582,0.8957311681504387,0.8855819136499601,0.9084949668868673,0.9013074739012175,0.7211376823205287,0.9712728287343317,0.9070443953633425,0.725940095935014,0.8208186073753733,0.6516622705307336,0.8887245032879902,0.6957998443622276,0.7770120330538697,0.8940560916697369,0.5526123685090745,0.945578214089217,0.9982830768279254,0.6956606133221014,0.6658692945391584,0.8500547776717575,0.580559945701984,0.7308573481678822,0.6278833997112421,0.8421984682362704,0.6380496334370398,0.9070443953633425,0.37527162103433276,0.9796809455882907,0.866788058141323,0.7718383311603647,0.583622328774476,0.6593127124000151,0.653266461509399,0.921643268788074,0.3611740452921449,0.8839324172001801,0.28329462981665976,0.921643268788074,0.3301419676655566,0.4413045616139373,0.6845199446603019,0.8272644488778613,0.1920840115661111,0.9660724341007284,0.8161271646591661,0.6242386645800535,0.4996022801969566,0.8807545505073995,0.8718424319352805,0.6622969624547457,0.9266838096834786,0.17057800956106017,0.2281203967830403,0.8500547776717575,0.8090288595204707,0.6845199446603017,0.7187497090480622,0.752654741906112,0.8500547776717575,0.7187497090480622,0.9660724341007284
p19_V,0.8735072857383622,0.9027725084740901,0.7064211514001526,0.9698106083866691,0.8184207762634899,0.5167698040736957,0.0,0.8037640853603977,0.8549576060687916,0.8302363041408659,0.8280658203152556,0.9211953410952489,0.7426552702658125,0.9869570577247592,0.9976588628762542,0.7549461005926643,0.8475505110473565,0.8302363041408659,0.9522769382235725,0.8640913667989649,0.8068641787986222,0.7329266277735218,0.980228722316446,0.7426552702658125,0.7429955602498621,0.8302363041408659,0.8728179755993655,0.6867517867599231,0.899898351366167,0.7748230614197589,0.9315404363050863,0.7927220228485767,0.8640913667989651,0.8475505110473565,0.8683051783889044,0.8640913667989649,0.9214585025547595,0.8184207762634899,0.767275132221628,0.9948401711431414,0.7708008989389215,0.6108953826276363,0.830236304140866,0.8324478842609664,0.8810755853330108,0.8324478842609664,0.8897049169022369,0.7861205996728546,0.986229316042806,0.9886497434594932,0.9808994029288425,0.8092514229080288,0.9414163183964206,0.8184207762634899,0.87608957062437,0.5225603919985082,0.8254282752806879,0.9315149988089662,0.9362161004048668,0.9396268589483361,0.9839368072021889,0.6669413268214217,0.9305225943031783,0.8076370114693048,0.915177531369212,0.7903294603532711,0.8598784147985183,0.668206683350751,0.8706039526572196,0.9528785797389898,0.6285901799791813,0.8096970364015619,0.8524355523405202,0.8848856887953298,0.881075585333011,0.8664954492522843,0.7426552702658125,0.7277600695234805,0.9710017546702808,0.8998185247171353,0.7241056845933238,0.7692813619698555,0.8076370114693041,0.8160484658505389,0.9948401711431412,0.8419393617593337,0.7649614076618805,0.8735615076972316,0.9293585985494112,0.8324478842609664,0.8735072857383622,0.8269528476280219,0.9673488184713679,0.6695403080764359,0.8178788371695189,0.8269528476280219,0.7487134366812906,0.8475505110473565,0.7833121839826191,0.5914722787775728,0.8364249723448268,0.8347689246706737,0.8184207762634899,0.7581927118184997,0.8302363041408659,0.8092514229080288,0.7430211701945548,0.9403712637699428,0.6664091349621173,0.6083961749672899,0.7426552702658125,0.6155505722242763,0.8475505110473565,0.8640913667989649,0.966353855836449,0.7426552702658125,0.8640913667989649,0.8744150305428479
p31_M,0.34905106930540175,0.6041865520532149,0.6316091954022985,0.5706895988777123,0.9378544533734134,0.8900962635178344,0.8037640853603977,0.0,0.6751196737461524,0.04254980529973951,0.6953299188612385,0.7791220838528661,0.09336034454001096,0.8317931465875279,0.8068641787986222,0.5239737557427373,0.9478241142959527,0.04254980529973951,0.4044854470931969,0.9534852273969034,0.9172413793103447,0.9166472154140187,0.8690513204108654,0.09336034454001096,0.2490746449287462,0.04254980529973951,0.3056233582991643,0.8233195795740584,0.9426552355122241,0.2005749192262516,0.4909173404397147,0.9290590469071476,0.9534852273969034,0.9478241142959527,0.9378544533734133,0.9534852273969034,0.9780053449315306,0.9378544533734134,0.9611118481756851,0.7791220838528661,0.906500760327531,0.6292393337286117,0.04254980529973951,0.942655235512224,0.9378544533734134,0.9426552355122242,0.9534852273969034,0.887975934196635,0.8659734673002315,0.5239737557427375,0.5090135313346705,0.08058703672161838,0.6436715918506346,0.9378544533734134,0.2336948661215673,0.6665808996941078,0.1397761260599637,0.9156489847784567,0.7509803152304683,0.9249677526515871,0.9030925742975653,0.8971957774056833,0.7975519284486094,0.9534852273969034,0.8997539971682469,0.8997539971682469,0.7272944418703456,0.7767869458162053,0.8911260465527909,0.9172413793103447,0.9054944717470761,0.7708156941865494,0.451149425287356,0.8659734673002315,0.9378544533734134,0.8280497430820708,0.09336034454001096,0.8932559001697249,0.765722606406789,0.3956164882701616,0.13977612605996326,0.8911260465527909,0.4379464977125832,0.8324939836252524,0.7791220838528661,0.9333410480433826,0.8346143129464518,0.8997539971682469,0.48192052986838485,0.942655235512224,0.24592394305005083,0.602691044487708,0.942655235512224,0.8748042285409663,0.14279681679470135,0.6026910444877083,0.8997539971682469,0.9478241142959527,0.1295403611839644,0.8601812584884583,0.2679067059909609,0.36875723136800087,0.9378544533734134,0.9172413793103449,0.04254980529973951,0.08058703672161838,0.867479805003758,0.8289710790670726,0.8346143129464516,0.9285989602581591,0.09336034454001085,0.6622033406439602,0.9478241142959527,0.9534852273969034,0.3894029124453957,0.09336034454001085,0.9534852273969034,0.4087628912353469
p32_V,0.8319223749790096,0.9741400747378206,0.9867709715635269,0.9421273213016449,0.8087124962499925,0.5503340600087856,0.8549576060687916,0.6751196737461524,0.0,0.7072490257611312,0.13933415409050687,0.9855692462364272,0.7054506129394829,0.48224980148215435,0.5423032923772608,0.8127600535805244,0.8393996758570128,0.7072490257611312,0.9995532061934701,0.8568249018355396,0.7452642896418693,0.4772329349595592,0.3468077150091362,0.7054506129394829,0.7560391256521646,0.7072490257611312,0.9313446713111107,0.4561676834567976,0.8234895749182143,0.8352879039158045,0.8711831685750102,0.8368451506072394,0.8568249018355396,0.8393996758570128,0.8087124962499925,0.8568249018355396,0.8643629369832271,0.8087124962499928,0.7107169898547179,0.9855692462364272,0.71220405756607,0.65739703844931,0.7072490257611312,0.8234895749182143,0.8708908359782557,0.8234895749182143,0.9802874864846034,0.6691351581638054,0.9227019001336794,0.7233871402994339,0.9960702337114102,0.7367036957515876,0.7917525683691518,0.8708908359782559,0.7905699017777617,0.9365390327977245,0.740293869024105,0.9413459685738657,0.7021519516206057,0.968202054805967,0.9562296937330159,0.9856221246182345,0.7506024188098426,0.8568249018355396,0.6914371393685901,0.9368669338861567,0.8827516699213747,0.6536840999497459,0.9077739017002986,0.8901682987948638,0.7100530588080676,0.8643629369832269,0.8683250192834786,0.9227019001336794,0.8087124962499925,0.9753557278267899,0.7054506129394829,0.7501306809875088,0.8675570695778829,0.9753557278267899,0.7402938690241049,0.8574978689466421,0.8173998748047464,0.6691351581638056,0.8682611833841585,0.9133932160420204,0.7285357072413157,0.6914371393685905,0.9316291488373611,0.8234895749182143,0.7767169625767176,0.764084714318018,0.8904271032704856,0.6146403418678825,0.7215115501744258,0.7370688865630426,0.6914371393685905,0.8393996758570128,0.7538163033249636,0.5696300138461046,0.8955413824358861,0.5533480634806305,0.8087124962499925,0.7452642896418693,0.7072490257611312,0.7367036957515876,0.5831605120068002,0.9994417426492119,0.5206337854700305,0.654507387890313,0.7054506129394831,0.8958421276115776,0.8393996758570128,0.8568249018355396,0.9838727237227312,0.7054506129394831,0.8568249018355396,0.970943694884465
p35_I,0.2786954205594121,0.5472841429713687,0.6514836964893149,0.5472259752004002,0.9350926586358448,0.8807545505073995,0.8302363041408659,0.04254980529973951,0.7072490257611312,0.0,0.681790151774796,0.659618212027368,0.1319376853568569,0.8243179077684233,0.8412948547514081,0.502818792150032,0.9455053787728545,0.0,0.3727564226638066,0.9514180759891553,0.9135635240895599,0.95499820448438,0.9027471324745038,0.1319376853568569,0.28102637258166574,0.0,0.27476473915364585,0.8154677690767473,0.9401067911362968,0.16504786860060294,0.46829332493931064,0.9259063777045227,0.9019018842088711,0.9455053787728545,0.9350926586358448,0.9514180759891553,0.9215413950956909,0.9350926586358448,0.9943408250129142,0.7912436817606273,0.9023455839374082,0.6127624514323078,0.0,0.9401067911362968,0.9350926586358448,0.9401067911362968,0.9514180759891553,0.9052850429744487,0.860017227588818,0.5550311330412991,0.5362157975988295,0.03972763453642103,0.6690709056610846,0.9350926586358448,0.17700294632667612,0.6517635046173104,0.08645596845231596,0.9228691514938865,0.7823081297041204,0.9216332632613828,0.8987859355621388,0.8809447879033541,0.7885549841944843,0.9514180759891553,0.8952989895593094,0.8952989895593095,0.6728577149802033,0.7668671901480222,0.9013787693215569,0.9135635240895599,0.8769668644566463,0.7883738170418908,0.3905120288366397,0.860017227588818,0.9350926586358448,0.785665766660409,0.1319376853568569,0.8885121122528024,0.7514583550530225,0.368757231368001,0.17700294632667624,0.8108317914471967,0.4618617648029495,0.8517949413449106,0.659618212027368,0.9303786741852553,0.8807545505073993,0.8952989895593095,0.45889668935332395,0.9401067911362968,0.17927064534240444,0.5850343362908046,0.9401067911362968,0.8692404344873232,0.17927064534240422,0.5850343362908046,0.8952989895593095,0.9455053787728545,0.08386752136752129,0.912755007230996,0.3032715950493845,0.34070432892896685,0.9350926586358448,0.9135635240895599,0.0,0.03972763453642103,0.8573587086093881,0.8213704254491587,0.8272644488778613,0.920394412392542,0.1319376853568568,0.6471914035572464,0.9455053787728545,0.9514180759891553,0.3569152985066619,0.1319376853568568,0.9514180759891553,0.4390709241334897
p35_W,0.7937257611861548,0.9969587790230795,0.9684929534565336,0.9222906168880758,0.7960234677645215,0.5162257469739556,0.8280658203152556,0.6953299188612385,0.13933415409050687,0.681790151774796,0.0,0.9532523620800002,0.7237740226073863,0.4479049180550736,0.6467264119913261,0.8040993179710623,0.8287462769267326,0.681790151774796,0.9924479120147043,0.8473274027129978,0.7283664336835136,0.46637858453870074,0.32586278700635674,0.7237740226073863,0.7712155111412874,0.681790151774796,0.9220836723930882,0.42009264655864775,0.8117807817773277,0.6989882500312403,0.8781810524782966,0.8220447668538184,0.9283057735713064,0.8287462769267326,0.7960234677645217,0.8473274027129978,0.9768206067330478,0.7960234677645215,0.8314836856028092,0.9740805175889108,0.6931131559653059,0.636197794030485,0.681790151774796,0.8117807817773278,0.8578464707779774,0.8117807817773279,0.990715855570385,0.634347920729926,0.9934183782884117,0.7635238252546654,0.9696608989849194,0.7133980643993012,0.7581431077443566,0.8578464707779774,0.7592900077052276,0.9076530080796028,0.7093012923741704,0.9740805175889108,0.6890549294314336,0.910476159134201,0.9384807505068391,0.9633569765155721,0.7698139915904396,0.8473274027129973,0.8762863113128632,0.9594595734746167,0.9005130656882915,0.6524749222496014,0.8907889849773717,0.9684929534565335,0.692376655816286,0.8393831941300076,0.8874311346796544,0.926752919661357,0.7960234677645216,0.9891095843952,0.7237740226073863,0.8061310102253991,0.9053811375387972,0.9780097377210767,0.7592900077052276,0.8907889849773717,0.8287591138537673,0.634347920729926,0.8079181214178219,0.8706474452449411,0.7820006379248888,0.6709686672972135,0.9831485886110366,0.8117807817773278,0.7388358366204368,0.7460995312743988,0.8783357756083177,0.5890775655059706,0.7388358366204368,0.7192380935453426,0.6709686672972135,0.8287462769267326,0.7280913067065446,0.5735365321860915,0.9212083977138179,0.5173487978341063,0.7960234677645215,0.7283664336835136,0.681790151774796,0.7133980643993011,0.5705429174914207,0.922290616888076,0.486695203534963,0.6267583558396108,0.7237740226073863,0.8679535292091508,0.8287462769267326,0.8473274027129978,0.9756085618233646,0.7237740226073863,0.8473274027129978,0.9961798011012759
p36_IFV,0.5766001590457822,0.6887577200042851,0.9478241142959527,0.8600883373733974,0.8634290328339081,0.9363692769738574,0.9211953410952489,0.7791220838528661,0.9855692462364272,0.659618212027368,0.9532523620800002,0.0,0.9526952729619627,0.8939525395040371,0.9315149988089664,0.8637739557125608,0.9671052631578947,0.659618212027368,0.6823826492472389,0.9706743607050923,0.9156489847784567,0.7225334579253118,0.8468929488048214,0.9526952729619627,0.960819804501531,0.659618212027368,0.7673908016117266,0.9699506872397545,0.846950179009069,0.4959955676422503,0.7637335611706808,0.8886836098899709,0.7991193708298816,0.9671052631578947,0.960819804501531,0.9706743607050923,0.6552178774463406,0.960819804501531,0.6613827320774406,0.9671052631578947,0.9410525984856601,0.9160410829813411,0.6596182120273681,0.9638464989785203,0.960819804501531,0.8469501790090689,0.7991193708298812,0.9796809455882907,0.9897395063858146,0.8637739557125608,0.8699740716874538,0.547628364344801,0.9263531685494382,0.960819804501531,0.6234577060912659,0.9364707898039295,0.7655662160520141,0.8263157894736842,0.9694867945071473,0.9526952729619627,0.938903878228172,0.9168514748904371,0.8723648684059024,0.7991193708298814,0.8297291877878785,0.9464650721429138,0.9514125223482458,0.9341685764285514,0.9502167640264896,0.9156489847784567,0.9022371690659142,0.9687166799999575,0.5060682820016853,0.9155018172949443,0.8634290328339081,0.7124347850734497,0.9526952729619627,0.9560793711478864,0.8946249740028687,0.8059083642524731,0.9076747260127626,0.6234577060912659,0.9706743607050923,0.9796809455882907,0.41315789473684217,0.8770747959407594,0.9796809455882907,0.9464650721429138,0.6733723327679932,0.9638464989785203,0.5766001590457822,0.8258751568437676,0.8469501790090691,0.9797937271886912,0.888683609889971,0.8258751568437677,0.9464650721429138,0.9671052631578947,0.6596182120273677,0.9958863365685913,0.7515750633741658,0.7942788596562194,0.960819804501531,0.9478241142959527,0.659618212027368,0.547628364344801,0.957358538172257,0.8921733427125806,0.9796809455882907,0.8949808300665736,0.9526952729619627,0.9340036901929776,0.9671052631578947,0.9706743607050923,0.7746441278914902,0.9526952729619627,0.9706743607050923,0.9287305509679984
p36_M,0.3911240573096548,0.6411398319270969,0.5841962959442121,0.5612891261949884,0.9436563830180988,0.8500547776717575,0.7426552702658125,0.09336034454001096,0.7054506129394829,0.1319376853568569,0.7237740226073863,0.9526952729619627,0.0,0.8474969963761072,0.8337209020197187,0.5684157299166828,0.9526952729619627,0.1319376853568569,0.47196333747970276,0.9578278625933287,0.9249677526515871,0.8295119595886127,0.7920922714693692,0.0,0.17174883036605415,0.1319376853568569,0.37045060080889014,0.8398145244984982,0.9480089624823687,0.2752095202012139,0.5384454729356083,0.9356821187298932,0.9578278625933287,0.9526952729619627,0.9436563830180988,0.9578278625933287,0.8947103241157017,0.9436563830180988,0.8603003109432218,0.7502310412391632,0.9152298815575819,0.6638536772735929,0.1319376853568568,0.9480089624823687,0.9436563830180988,0.9480089624823687,0.9578278625933287,0.8481324030265235,0.878486230570585,0.5684157299166827,0.5179718779327769,0.16642374774784086,0.6459167305017111,0.9436563830180988,0.2541471049648242,0.6977090217748863,0.15196656000799746,0.8987678841386002,0.7307367732410528,0.9319727891156462,0.91213988494963,0.9331601059257806,0.8164525501601081,0.9578278625933287,0.9091129985313783,0.9091129985313784,0.6845336400875788,0.7976261934606323,0.8672303747057801,0.9249677526515871,0.9692242594182123,0.7295969687516883,0.584196295944212,0.8784862305705852,0.9436563830180988,0.9225153057420942,0.0,0.9032215661074929,0.7441168421404207,0.4520419411595614,0.04978601505117064,0.9284085353805678,0.3800695801219327,0.7877698391661796,0.9526952729619627,0.9395643507647282,0.8500547776717575,0.9091129985313784,0.5302886076989788,0.9480089624823687,0.3911240573096548,0.6397839454631675,0.9480089624823687,0.8864925488993343,0.16672611598950438,0.6397839454631675,0.9091129985313784,0.9526952729619627,0.1319376853568568,0.8732347843691266,0.33625518815507616,0.4276902737358752,0.9436563830180988,0.9249677526515871,0.1319376853568569,0.16642374774784097,0.8320968828077178,0.8449383980516769,0.8500547776717575,0.8784862305705852,0.0,0.6937401531459053,0.9526952729619627,0.9578278625933287,0.3860096686558281,0.0,0.9578278625933287,0.33625518815507593
p36_Q,0.8558125498178819,0.8419524320128925,0.9418284631948535,0.9482814932894589,0.7013652009849767,0.5918838876642206,0.9869570577247592,0.8317931465875279,0.48224980148215435,0.8243179077684233,0.4479049180550736,0.8939525395040371,0.8474969963761072,0.0,0.4527635088866315,0.6598945995884882,0.6898111780493082,0.8243179077684233,0.8549576060687908,0.9090040458458699,0.6730479286795072,0.6480922188335849,0.26648708683561795,0.8474969963761072,0.873689208875821,0.8243179077684233,0.8404365637397321,0.5724170568415411,0.8878175412178266,0.78959022245128,0.9550031471178393,0.7040152064317076,0.816235443234192,0.8563056910279703,0.7721894660081776,0.9090040458458699,0.9324073630580627,0.6305409359617764,0.821488570699463,0.8563056910279703,0.8916788211390966,0.6387858041605541,0.8243179077684233,0.6590818785061225,0.9138379960545779,0.8878175412178266,0.9054587489307737,0.7948645517720898,0.9287358970091953,0.8777976266919676,0.8701901417882638,0.817049726150596,0.9364354415300208,0.7013652009849769,0.8395066731920333,0.9388210838997773,0.8395066731920333,0.9771997959933678,0.9016302221951014,0.9672118542208632,0.9070574746060186,0.9979293289935309,0.8680508533016467,0.9054587489307739,0.8274118083288111,0.8744540758502986,0.7974805891093568,0.7575885572360079,0.8168917044145471,0.8931185618941583,0.9002347342979793,0.688591065517502,0.9418284631948535,0.8905500124714604,0.7721894660081773,0.9016312967296873,0.8474969963761072,0.7239503480746181,0.6895280872924112,0.7509592341595499,0.8395066731920333,0.7023578302834073,0.9054587489307739,0.6595441090335104,0.8939525395040371,0.8645157148952176,0.6933742197181549,0.9214963433717855,0.8769310629323415,0.6590818785061225,0.8558125498178819,0.7771451726852703,0.8878175412178266,0.41550459849125043,0.8558125498178819,0.7771451726852703,0.7333272732858369,0.8563056910279703,0.8243179077684233,0.6149340414305352,0.8990690553325327,0.7335306449894032,0.6305409359617764,0.507994953768519,0.8243179077684233,0.8170497261505959,0.7841812723414441,0.9482814932894589,0.6257139983488654,0.6232488207073164,0.8474969963761072,0.7872382718629576,0.8563056910279703,0.9090040458458699,0.8827956220784758,0.8474969963761072,0.9090040458458699,0.8862133523532075
p37_Y,0.9039789199862639,0.8332842724555725,0.9497784863007652,0.8520532299197638,0.7429955602498624,0.6452499429511434,0.9976588628762542,0.8068641787986222,0.5423032923772608,0.8412948547514081,0.6467264119913261,0.9315149988089664,0.8337209020197187,0.4527635088866315,0.0,0.7484336583153242,0.7842253387131815,0.8412948547514081,0.8710126679344672,0.8076370114693043,0.6577496844200301,0.7588246517469985,0.44961494516807443,0.8337209020197187,0.881075585333011,0.8412948547514081,0.7980461260891025,0.7332957429724816,0.7628493131078291,0.9004671396631541,0.8711575627090108,0.7622503886006753,0.8076370114693043,0.7842253387131817,0.7429955602498621,0.8076370114693043,0.9667800312920434,0.7429955602498624,0.735611884904843,0.9315149988089662,0.9652558819907411,0.79779484700361,0.8412948547514081,0.7628493131078291,0.8056503693193835,0.7628493131078291,0.9461592722318976,0.8248171400172493,0.8511044797128375,0.8133720113093714,0.9825299417032096,0.8731232949342798,0.9414163183964207,0.8056503693193835,0.8706039526572196,0.9283923852666058,0.8706039526572196,0.9948401711431413,0.9620922560545719,0.9015142056587382,0.9839368072021888,0.9931722971998391,0.9305225943031782,0.9461592722318977,0.6686622319109844,0.9599743976148469,0.7342343365551232,0.7750063772798788,0.8254282752806879,0.7064211514001526,0.990289939345861,0.7060032769345828,0.9042071127588672,0.9462082657922101,0.7429955602498621,0.7669507206343531,0.8337209020197187,0.6775042753074993,0.7444529630318499,0.8335968715640552,0.8706039526572196,0.7747669799370058,0.8640913667989649,0.7649614076618805,0.9948401711431413,0.9816469875028606,0.7649614076618805,0.9183583739428667,0.7964207963690448,0.7628493131078291,0.9039789199862639,0.8191501203166602,0.8302997802130299,0.5529339590189388,0.8483504714174204,0.8191501203166602,0.6270462082390045,0.9315149988089662,0.8882189749096546,0.6849099011699842,0.8976446202690262,0.8910828182439448,0.7429955602498621,0.7064211514001526,0.8412948547514081,0.8731232949342798,0.7998460663628015,0.8814925745364901,0.7051056753065119,0.7159796433828698,0.8337209020197187,0.9037207813252635,0.7842253387131817,0.8076370114693043,0.8539711566234995,0.8337209020197187,0.8076370114693043,0.9736247366650682
p38_K,0.6538464115759762,0.5111420398607223,0.9030700183794993,0.540357679195296,0.7122556591715602,0.348410107605414,0.7549461005926643,0.5239737557427373,0.8127600535805244,0.502818792150032,0.8040993179710623,0.8637739557125608,0.5684157299166828,0.6598945995884882,0.7484336583153242,0.0,0.6998851514740323,0.502818792150032,0.3192009875790197,0.7324477822344804,0.5781303646908461,0.4210652789688938,0.6551539689325864,0.5684157299166828,0.6425398235078794,0.502818792150032,0.4772235495586741,0.4354551621744355,0.7452057958428822,0.630354086283833,0.5016543816180874,0.7157440350185407,0.7324477822344803,0.6998851514740322,0.9911190018262828,0.7324477822344804,0.9123430624637647,0.6425398235078796,0.6322700791619951,0.6998851514740323,0.6090383405518787,0.7856036927504804,0.5028187921500316,0.670153844524557,0.7819714948352409,0.7452057958428824,0.9022852769899841,0.3817107629133405,0.9432584872832185,0.8451345755693582,0.5586076871087864,0.5327384854370002,0.5081625497410753,0.7122556591715603,0.6021737605279522,0.9149487963624467,0.5458030749709923,0.9723372400489108,0.9807439844439148,0.9219395407153653,0.918206149923112,0.7941353219143321,0.8804365372506542,0.9022852769899841,0.8401409445191745,0.8864469808853916,0.4497022311758543,0.7984712557628084,0.6021737605279525,0.9030700183794994,0.9259129731408497,0.4149163446376585,0.6864435825870638,0.9815649937586828,0.7819714948352409,0.6202406326030616,0.5684157299166828,0.6507139671117591,0.6373711390617052,0.21237718266866323,0.6021737605279522,0.5458030749709926,0.7324477822344804,0.21520748637370835,0.8637739557125609,0.8599679056338068,0.7857728543884985,0.6549167990543068,0.318490452953055,0.670153844524557,0.5919487881334116,0.165363338039885,0.8953096984795332,0.3585260225128293,0.5919487881334117,0.16536333803988468,0.5623047263218728,0.6998851514740323,0.5550311330412996,0.3055604451789601,0.6034024016809586,0.7797174154066153,0.6425398235078795,0.5239737557427373,0.502818792150032,0.5327384854370001,0.6425754436526476,0.8700149042844618,0.3817107629133405,0.4546111140555782,0.568415729916683,0.9899740039190609,0.6998851514740321,0.7324477822344804,0.37705250183928274,0.568415729916683,0.7324477822344804,0.5611309672369058
p42_L,0.9552746646879349,0.44196459899758167,0.9478241142959527,0.8600883373733974,0.3361755448402266,0.6845199446603019,0.8475505110473565,0.9478241142959527,0.8393996758570128,0.9455053787728545,0.8287462769267326,0.9671052631578947,0.9526952729619627,0.6898111780493082,0.7842253387131815,0.6998851514740323,0.0,0.9455053787728545,0.9797937271886912,0.9706743607050923,0.3695413810760946,0.7225334579253118,0.7724724935799203,0.9526952729619627,0.960819804501531,0.9455053787728545,0.9248593881610915,0.7046877883906908,0.8469501790090688,0.9347332389752555,0.7637335611706808,0.42055843362368783,0.33870683389982925,0.8263157894736842,0.960819804501531,0.9706743607050923,0.9267837191488368,0.3361755448402267,0.7485350452968536,0.41315789473684206,0.5653611595009335,0.9341685764285514,0.9455053787728545,0.27934021297183564,0.511926707504787,0.46854353498424706,0.9706743607050923,0.7684697220981536,0.7054634774280917,0.8903928379296466,0.6648075315359988,0.9432508700790969,0.8400654630439293,0.3361755448402267,0.9502167640264896,0.8435126072376204,0.9502167640264896,0.9671052631578947,0.8969023511377854,0.7502310412391633,0.8212938438174028,0.8631319221511127,0.8193471983591233,0.9706743607050923,0.5962574190778085,0.5962574190778089,0.6098498063187491,0.8592734061334979,0.48134919613051774,0.9478241142959527,0.9450388064897925,0.6552178774463406,0.9478241142959527,0.9897395063858148,0.8634290328339081,0.7124347850734496,0.9526952729619627,0.6224242713197338,0.8946249740028689,0.7124347850734494,0.9502167640264896,0.48134919613051785,0.9706743607050923,0.7684697220981536,0.9671052631578947,0.9579742892105159,0.9796809455882907,0.7129933034328437,0.7588399056937014,0.27934021297183564,0.9552746646879346,0.749513144621621,0.4685435349842467,0.5832456232667547,0.9552746646879346,0.749513144621621,0.5962574190778088,0.41315789473684217,0.9455053787728545,0.6268319601507757,0.9287305509679984,0.9173441846833024,0.5119267075047871,0.5060682820016853,0.9455053787728545,0.9432508700790969,0.8832436164240374,0.7775088974020568,0.6845199446603017,0.7054634774280917,0.9526952729619627,0.9190258042793271,0.9671052631578947,0.9706743607050923,0.6738439229882536,0.9526952729619627,0.9706743607050923,0.6450102681548873
