,p1_P,p1_Q,p7_K,p7_S,p19_L,p19_V,p24_Y,p25_E,p26_Y,p27_T,p31_M,p32_V,p35_I,p35_W,p36_K,p36_M,p39_I,p39_L,p39_M,p42_ILV,p49_I,p49_M,p50_F,p52_T,p56_G,p56_V,p60_V,p60_Y,p63_V,p64_T,p69_R,p81_V,p84_T,p87_C,p87_V,p88_I,p93_V,p94_T,p95_L,p96_Y,p98_C,p100_V,p100_Y,p103_M,p104_S,p104_V,p108_L,p108_T,p109_G,p110_R,p111_MT,p111_V,p112_M,p112_V,p119_L,p122_Q,p123_V,p124_S,p133_V,p149_S,p150_G,p153_S,p154_G,p154_M,p157_I,p157_V,p158_L,p162_V,p165_L,p166_S,p169_V,p179_L,p183_M,p185_T,p185_V,p194_P,p195_H,p195_N,p198_T,p198_Y,p205_M,p209_S,p209_T,p209_V,p210_V,p213_F,p217_I,p217_T,p218_L,p218_T,p225_Q,p228_F,p228_L,p241_E,p248_R,p255_L,p259_I,p259_L,p263_I,p263_L,p269_T,p273_G,p277_F,p277_L,p277_T,p279_R,p282_S,p284_S,p284_T,p286_L,p286_M,p286_Q,p287_S,p287_T,p288_M,p289_S,p290_I,p290_V,p292_S,p295_S,p301_Y,p303_P,p304_V,p308_M,p315_N,p315_S,p318_V,p319_N,p320_T,p322_F,p322_G,p323_M,p325_K,p326_S,p327_P,p328_GAP,p330_V,p332_D,p332_GAP,p333_E,p333_GAP,p333_S,p334_S,p334_T,p336_T,p337_T,p338_V,p345_S,p348_T,p350_Q,p352_S
p1_P,0.0,0.9308167304449639,0.6132340344757413,0.9363715237024222,0.976156522312382,0.875577569380648,0.7735445931710809,0.910864672903187,0.8972475334524821,0.6928604236918999,0.7172842602237529,0.9490475334634932,0.565366021626593,0.8458458180425117,0.8713819717622817,0.8836592513984469,0.9522934976743667,0.6288338882641298,0.8799038846461846,0.9558704218359313,0.976156522312382,0.8928503091130187,0.925541920895006,0.565366021626593,0.6132340344757413,0.9363715237024222,0.9204861981879304,0.7537972926311063,0.8841888226601413,0.8836592513984469,0.8665751230010017,0.9108646729031871,0.9308167304449639,0.565366021626593,0.682924904538978,0.976156522312382,0.996784549294057,0.9487179487179487,0.8713819717622817,0.47828230899036406,0.7884615384615383,0.9308167304449639,0.8983990310179113,0.9363715237024222,0.9558704218359313,0.7437504256542677,0.9455316774711588,0.8867722965855405,0.565366021626593,0.9363715237024222,0.9487179487179487,0.9487179487179487,0.9363715237024222,0.925541920895006,0.8983990310179113,0.9968364250080775,0.6373023162322657,0.9686409246247342,0.763324392795631,0.825782914581856,0.565366021626593,0.9558704218359311,0.11132481201307887,0.9308167304449639,0.8972475334524821,0.9243243106754149,0.8836592513984469,0.9833855559911275,0.9177288622792086,0.8500262431113841,0.8279947709615547,0.8665751230010018,0.7884615384615383,0.9363715237024222,0.8211108387818534,0.8885010653323879,0.8972475334524821,0.8928503091130184,0.8972475334524821,0.8560013899964027,0.9607117800081069,0.9204861981879304,0.8665751230010018,0.9030824099482436,0.9084286705059471,0.41143659424740575,0.8543285918541541,0.8456966500379082,0.8836592513984469,0.9230194902345706,0.8799038846461846,0.9901819129543001,0.8836592513984469,0.8045805496041478,0.7843344535931231,0.8665751230010017,0.9607607536835485,0.9901819129543002,0.9618026860582038,0.9230194902345706,0.9558704218359313,0.13947322580065868,0.9432915553250396,0.8665751230010017,0.9177288622792086,0.9113853053801791,0.565366021626593,0.9686409246247341,0.6132340344757413,0.7097677212282797,0.9558704218359313,0.9308167304449639,0.9558704218359313,0.565366021626593,0.565366021626593,0.9607117800081069,0.9190405134074326,0.8713819717622817,0.8885010653323879,0.9833199839786367,0.911385305380179,0.8836592513984469,0.8976971126018661,0.8756375640878022,0.8413342343956164,0.9363715237024222,0.8928503091130187,0.9363715237024222,0.8836592513984469,0.8841888226601413,0.47828230899036417,0.47828230899036417,0.6012841124630735,0.9363715237024222,0.6012841124630735,0.6012841124630735,0.47828230899036417,0.6012841124630735,0.8972475334524821,0.5213980473714832,0.809409375034378,0.8928503091130187,0.8799038846461846,0.47828230899036417,0.8628744414654264,0.8756375640878022,0.8885010653323879,0.8640304501451943,0.8122719705112306,0.8458458180425118,0.8045805496041478
p1_Q,0.9308167304449639,0.0,0.2621352126273785,0.9141604924721047,0.8437621799619042,0.7090512711993784,0.7817821097640076,0.8797498694524051,0.8613793439832655,0.8995505595332156,0.1299212466465829,0.6181186920870135,0.18024393872323197,0.6370059148107878,0.8264847935144577,0.07084267568224378,0.3266996707758617,0.9141604924721047,0.8379814825398035,0.9404659442212413,0.8437621799619042,0.8554471640262298,0.8995505595332156,0.18024393872323197,0.2621352126273785,0.9141604924721047,0.8927300167098526,0.8150075076598453,0.8437621799619042,0.07084267568224378,0.156190476190476,0.8797498694524051,0.9066666666666667,0.18024393872323197,0.379516317700457,0.8437621799619042,0.8264847935144577,0.9308167304449639,0.9702545360310499,0.29616435484936154,0.9308167304449639,0.9066666666666667,0.12992124664658256,0.9141604924721047,0.9404659442212413,0.8207483680939457,0.7679522595538715,0.6944949536696108,0.18024393872323197,0.08029099077255175,0.9308167304449639,0.9308167304449639,0.9141604924721047,0.21792935636574973,0.8927300167098526,0.9207390743272548,0.8092536218143043,0.849579713381929,0.5106940733497372,0.849579713381929,0.18024393872323197,0.9404659442212413,0.8954587132125955,0.9066666666666667,0.8613793439832655,0.7428791896576417,0.07084267568224367,0.6712597143053556,0.7859481795961971,0.8924783637790092,0.7679522595538715,0.9066666666666667,0.9308167304449639,0.9141604924721047,0.9221501055838477,0.849579713381929,0.8613793439832655,0.8554471640262298,0.8613793439832655,0.8322259014384277,0.5801084288380963,0.9676487351982095,0.9066666666666667,0.9786532282016465,0.7229788081378236,0.5830652491502235,0.8034785262237931,0.7918334000533869,0.07084267568224378,0.8797498694524051,0.8379814825398035,0.8322259014384279,0.07084267568224378,0.7363647479958515,0.7090512711993784,0.1561904761904762,0.6370059148107878,0.9356655712282693,0.7859481795961973,0.8797498694524051,0.9404659442212413,0.9404659442212413,0.8673932842469814,0.1561904761904762,0.656837557765332,0.8861449914893378,0.18024393872323197,0.849579713381929,0.2621352126273785,0.42393416014152363,0.9404659442212413,0.9066666666666667,0.9404659442212413,0.18024393872323197,0.18024393872323197,0.3543306659838267,0.7363647479958517,0.8264847935144577,0.849579713381929,0.8379814825398035,0.8861449914893378,0.07084267568224378,0.7090512711993784,0.8322259014384279,0.7859481795961972,0.9141604924721047,0.8554471640262298,0.9141604924721047,0.07084267568224378,0.8437621799619042,0.29616435484936166,0.29616435484936166,0.4621028598948187,0.9141604924721047,0.4621028598948187,0.4621028598948188,0.29616435484936166,0.4621028598948185,0.8613793439832655,0.3543306659838269,0.7428791896576414,0.8554471640262298,0.8379814825398035,0.29616435484936166,0.8150075076598453,0.8322259014384279,0.849579713381929,0.7229788081378237,0.774015083711463,0.7428791896576417,0.7363647479958515
p7_K,0.6132340344757413,0.2621352126273785,0.0,0.883664989850578,0.9564058204723637,0.9511323089837413,0.9309934440657646,0.8370295850872898,0.8121327126744551,0.9035708327393404,0.2623366090188195,0.7653777098235997,0.20533774769522684,0.7181524787937916,0.764841459499114,0.32215967719712735,0.5459873889632668,0.5863644083576103,0.7804224835865798,0.7131227205967439,0.9584817337832034,0.8040930554654981,0.8638647050437744,0.20533774769522684,0.2928571428571429,0.883664989850578,0.9246183396077626,0.8613479653074405,0.7882568422943381,0.32215967719712735,0.38561462602442953,0.8370295850872898,0.8735088935932649,0.20533774769522684,0.4202763197397008,0.8733692880387709,0.994121036487478,0.9062385538123009,0.9255331288413862,0.23505146924026854,0.6132340344757414,0.9969883069903158,0.37271689745031,0.883664989850578,0.7131227205967439,0.8476849283711088,0.82878014333542,0.7929803321972938,0.20533774769522672,0.32137910746170373,0.7734098383797272,0.906238553812301,0.9838423597014692,0.43844190830556995,0.9246183396077625,0.9942158833558647,0.8744908953318575,0.9426646909632672,0.5672745794277476,0.9702705804994718,0.20533774769522684,0.7131227205967439,0.5287354345362689,0.8735088935932649,0.8121327126744551,0.8616384895896796,0.20587744608868475,0.8312389510633855,0.9964185646043318,0.9506432352603627,0.82878014333542,0.8735088935932649,0.6132340344757412,0.883664989850578,0.6729283239692014,0.7961411234249498,0.8121327126744551,0.8040930554654981,0.8121327126744551,0.8543984033081249,0.4819349688976511,0.9246183396077626,0.8795322796126332,0.9696230111914095,0.8325757244874926,0.45387175790965706,0.7336619430289149,0.7178797477409786,0.32215967719712735,0.8592528234844775,0.7804224835865801,0.8543984033081249,0.32215967719712735,0.6427051994947517,0.6056882862826023,0.38561462602442953,0.6481176401910369,0.9820491182160702,0.7833231585620644,0.8592528234844775,0.9193157651678341,0.7131227205967439,0.8963172172163015,0.38561462602442953,0.6293214365483251,0.8379814825398034,0.20533774769522684,0.9426646909632672,0.2928571428571429,0.4693543353342352,0.7131227205967439,0.8735088935932649,0.7131227205967439,0.20533774769522684,0.20533774769522672,0.5711814658522573,0.7124627557838716,0.764841459499114,0.8832058519622108,0.9695031227203583,0.8379814825398033,0.32215967719712735,0.8129546999032858,0.7726221640702224,0.709903732950863,0.883664989850578,0.8040930554654981,0.883664989850578,0.32215967719712735,0.7882568422943379,0.046118398389973225,0.046118398389973225,0.2710085244472529,0.883664989850578,0.2710085244472529,0.271008524447253,0.046118398389973225,0.2710085244472532,0.8121327126744551,0.12494898107922559,0.6515339737814152,0.8040930554654981,0.7804224835865801,0.046118398389973225,0.7492867317887966,0.7726221640702224,0.7961411234249498,0.8325757244874925,0.9102315771723464,0.8616384895896796,0.6427051994947517
p7_S,0.9363715237024222,0.9141604924721047,0.883664989850578,0.0,0.4505843239046432,0.7049668926832866,0.7190242565254918,0.28615871652696345,0.8725093337963902,0.1454456378352894,0.9013428299483737,0.7752194052203936,0.8952865229270761,0.7635236742682707,0.6143398782801068,0.9076157446308419,0.8725093337963903,0.9210526315789473,0.8509901098301824,0.9452459925444261,0.6816206594934593,0.8670534544455459,0.1454456378352894,0.8952865229270761,0.883664989850578,1.1102230246251565e-16,0.19978073180347544,0.535983831332691,0.8563066693289065,0.9076157446308419,0.9141604924721047,0.2861587165269637,0.08029099077255197,0.8952865229270761,0.8616571072267851,0.4505843239046431,0.5052911542075853,0.19403930023068217,0.8404165013572857,0.8780404088378851,0.9363715237024222,0.08029099077255197,0.9013428299483737,1.1102230246251565e-16,0.9452459925444261,0.5211228672501926,0.7273012699132737,0.8126828376836612,0.8952865229270762,0.9210526315789473,0.9363715237024222,0.19403930023068205,0.35964912280701744,0.9076157446308419,0.9013428299483736,0.5211228672501927,0.5499809309913687,0.8616571072267849,0.8245688375051095,0.42933556731048916,0.8952865229270761,0.9452459925444261,0.9284007507380592,0.08029099077255197,0.38075962129675256,0.6661510695552055,0.9076157446308419,0.7388835160664531,0.5989779140118434,0.5757359312880712,0.6300782444040931,0.08029099077255197,0.9363715237024222,1.1102230246251565e-16,0.9284007507380592,0.8616571072267849,0.8725093337963903,0.40617209652343866,0.8725093337963903,0.4883625764414843,0.4061720965234389,0.19978073180347555,0.9141604924721047,0.6976545975506301,0.690133787415794,0.9210526315789473,0.8192574300613666,0.5876403440806075,0.9076157446308419,0.2861587165269637,0.8509901098301824,0.8456966500379082,0.9076157446308419,0.6744004950956084,0.7049668926832866,0.9141604924721047,0.6661510695552058,0.4883625764414844,0.8031346123330869,0.8894048715746001,0.9452459925444261,0.9452459925444261,0.35267601613954447,0.9141604924721047,0.5989779140118434,0.24606296507494885,0.8952865229270761,0.42933556731048905,0.883664989850578,0.8509901098301824,0.9452459925444261,0.08029099077255197,0.9452459925444261,0.8952865229270761,0.8952865229270762,0.8670534544455459,0.6744004950956086,0.5052911542075853,0.8616571072267849,0.470187057173982,0.24606296507494885,0.907615744630842,0.7049668926832866,0.8456966500379082,0.5989779140118432,1.1102230246251565e-16,0.8670534544455459,1.1102230246251565e-16,0.907615744630842,0.4505843239046431,0.8780404088378853,0.8780404088378853,0.8404165013572857,1.1102230246251565e-16,0.8404165013572857,0.8404165013572857,0.8780404088378853,0.8404165013572855,0.38075962129675256,0.8670534544455459,0.7635236742682707,0.4061720965234388,0.470187057173982,0.8780404088378853,0.82986073815532,0.8456966500379082,0.8616571072267849,0.690133787415794,0.7921596365399217,0.7635236742682707,0.6744004950956084
p19_L,0.976156522312382,0.8437621799619042,0.9564058204723637,0.4505843239046432,0.0,0.46300566191797743,0.9699171581201906,0.6716831416293318,0.7679522595538716,0.5598426021126024,0.820432553448833,0.5908733504345931,0.809409375034378,0.5695857689894417,0.5198860398988718,0.8318499828295332,0.9278507025503633,0.5661024916990509,0.728784785995158,0.6189523396816314,0.8162895927601809,0.7580219288621468,0.4584580329362915,0.809409375034378,0.9584817337832034,0.4505843239046432,0.3134185867161262,0.22333321269323214,0.7384615384615385,0.8318499828295332,0.8437621799619042,0.6716831416293318,0.4026200998543402,0.809409375034378,0.8722485058340972,0.7420814479638007,0.09957275098471696,0.5571925572299528,0.7095395970918441,0.8603832771828781,0.5571925572299523,0.4026200998543402,0.9166713156527264,0.4505843239046432,0.6189523396816314,0.19731034159826466,0.8887988144041581,0.6089230555624785,0.809409375034378,0.8563066693289065,0.8365018672849054,0.5571925572299528,0.5661024916990509,0.8318499828295332,0.9870899221433802,0.19731034159826455,0.2478775235228835,0.8722485058340971,0.8146234504231213,0.2649660408135732,0.809409375034378,0.7791877660719198,0.9954005092376479,0.5102797741663053,0.1927078609689309,0.3923563797498,0.8318499828295334,0.6453926258055578,0.3981198615311925,0.2931373270191724,0.8887988144041581,0.5102797741663053,0.5571925572299525,0.4505843239046432,0.6274412482494796,0.7481999535280752,0.767952259553871,0.23041484042039628,0.767952259553871,0.2826588670959892,0.5416650652565369,0.5058961111239131,0.8332587971022004,0.5703512312664847,0.7987321584600366,0.8563066693289065,0.6710276429985529,0.8959332229392462,0.8318499828295332,0.23033916808187593,0.728784785995158,0.7904494387516767,0.8318499828295332,0.984424026322483,0.8244300317351525,0.8437621799619042,0.3923563797498,0.1400601449187071,0.6416822521956127,0.31860796279136716,0.9003413811475036,0.9003413811475036,0.3159785018815826,0.8437621799619042,0.6541726312040443,0.271271139837328,0.809409375034378,0.11314542455844268,0.9584817337832034,0.728784785995158,0.6189523396816314,0.4026200998543402,0.6189523396816314,0.809409375034378,0.809409375034378,0.7751027338836425,0.6506531618042664,0.37978161026082025,0.9000205697832064,0.035679239093895254,0.271271139837328,0.8318499828295333,0.46300566191797765,0.7191500776630357,0.9742385932951094,0.4505843239046432,0.7580219288621468,0.4505843239046432,0.8318499828295333,0.7420814479638007,0.9748890786300141,0.9748890786300141,0.9196962415489216,0.4505843239046432,0.9196962415489216,0.9196962415489216,0.9748890786300141,0.9196962415489218,0.6724031899584068,0.9914595974892522,0.5695857689894415,0.15260228421136157,0.2537149993722977,0.9748890786300141,0.6903268886431437,0.7191500776630357,0.7481999535280752,0.5569158506757581,0.6846275520761034,0.9419164186525544,0.5898326931587246
p19_V,0.875577569380648,0.7090512711993784,0.9511323089837413,0.7049668926832866,0.46300566191797743,0.0,0.6825489111714225,0.5866964910164679,0.5678767465688164,0.654752090236423,0.7437268754749393,0.8107503124291169,0.7943277687200545,0.8597633991854199,0.8585337655779206,0.6868681748655929,0.8274672724395641,0.7049668926832864,0.6129300068208707,0.7953795638696342,0.8244300317351525,0.6125475397956068,0.737049557098671,0.7943277687200545,0.8820435044435135,0.7049668926832866,0.6313096684342063,0.5846301418690242,0.5129586236000254,0.6868681748655929,0.7090512711993784,0.7299983419113922,0.6792103759377766,0.7943277687200545,0.9624273770798826,0.8244300317351525,0.5742143728668789,0.762214910371905,0.5159635704577874,0.787196995903255,0.7622149103719051,0.6792103759377766,0.7437268754749393,0.7049668926832866,0.7953795638696342,0.49579941849746145,0.455931174987227,0.29183987876701856,0.7943277687200545,0.7324118328987947,0.9889402283893909,0.7622149103719049,0.798737105086273,0.6868681748655929,0.9437913964796335,0.6076923756915296,0.5618276141242955,0.9143344197421319,0.9423282941434399,0.5446198102081754,0.7943277687200545,0.7953795638696342,0.9365293011703435,0.7666015692038972,0.588454044351254,0.3145331667080442,0.7691656417278407,0.5556877699679255,0.5760678441758297,0.5167780669424329,0.6587204643101701,0.7666015692038972,0.7622149103719051,0.7049668926832866,0.7324274461102716,0.5927127675459257,0.5678767465688163,0.6294937706594168,0.5678767465688163,0.6548600334968759,0.8189834430456613,0.7094301004455632,0.9712248509977406,0.5138841999380261,0.4895239384427327,0.9199522577047676,0.4947211133424021,0.4419549423482332,0.6868681748655929,0.586696491016468,0.5539342086039774,0.5927489556803628,0.6868681748655929,0.5875786979216457,0.4889683959451403,0.7090512711993784,0.7110642448734081,0.5969838018951252,0.6964671111513042,0.65834741646393,0.8144140230445519,0.9254483682315722,0.6779418137233169,0.7090512711993784,0.7839149997966486,0.6086767280956789,0.7943277687200545,0.48300070861918254,0.8129546999032858,0.848913199688444,0.7953795638696342,0.6792103759377766,0.7953795638696342,0.7943277687200545,0.7943277687200545,0.9283636604393468,0.6369488391923392,0.8016698870357124,0.9624273770798824,0.5021330199257297,0.6086767280956789,0.6868681748655927,0.3911747167561124,0.5927489556803628,0.6799914219862389,0.7049668926832866,0.6125475397956067,0.7049668926832866,0.6868681748655927,0.7641926367656233,0.9209122934966121,0.9209122934966121,0.8585337655779207,0.7049668926832866,0.8585337655779207,0.8585337655779206,0.9209122934966121,0.8002829631688292,0.5235564128835672,0.8652004363105987,0.6445727531078748,0.5663305465306687,0.6201246163595162,0.9209122934966121,0.5335490589920759,0.5927489556803628,0.5927127675459257,0.5385966665174056,0.7041373488245951,0.7932719074198865,0.636948839192339
p24_Y,0.7735445931710809,0.7817821097640076,0.9309934440657646,0.7190242565254918,0.9699171581201906,0.6825489111714225,0.0,0.6063890531695177,0.5462573935134849,0.8356010126946427,0.8829588528038694,0.3999999999999998,0.925464400750007,0.4059114742139953,0.8296114497258806,0.8356010126946427,0.8703592552895671,0.9063414188418306,0.5285954792089684,0.9350430197538369,0.729254423081716,0.5268397765926158,0.6712020253892855,0.925464400750007,0.9309934440657646,0.7190242565254918,0.7269039898756953,0.889903623487364,0.5487573718028598,0.8356010126946427,0.7817821097640076,0.7495203065624203,0.6944949536696108,0.925464400750007,0.8769085090206673,0.5487573718028599,0.886407633150587,0.7735445931710809,0.6024267160270547,0.8998329155058733,0.8867722965855405,0.6944949536696108,0.8829588528038694,0.7190242565254918,0.9350430197538369,0.9720600621886444,0.3923563797498004,0.5365853658536586,0.925464400750007,0.7190242565254918,0.8867722965855405,0.7735445931710809,0.8126828376836612,0.8356010126946427,0.8829588528038694,0.8044204353205107,0.7556836195909435,0.7538170180413344,0.809976148570734,0.9384542545103336,0.925464400750007,0.9350430197538369,0.7451764042811873,0.7817821097640076,1.0,0.7524631142558313,0.8356010126946427,0.8043536047821926,0.974050035194616,0.9735093528586991,0.44299334810398383,0.7817821097640076,0.8867722965855405,0.7190242565254918,0.9490352808562375,0.6307255270620018,0.5462573935134847,0.9684559851061745,0.5462573935134847,0.971096334349196,0.7791918957432208,0.8829588528038694,0.8690692658584046,0.5108840119554816,0.3873211482551602,1.0,0.624760612806772,0.5282718234751369,0.8356010126946427,0.8210859332588717,0.5285954792089682,0.508637683936332,0.8356010126946427,0.33429654182592294,0.43835576591867,0.7817821097640076,0.7524631142558313,0.913289003047588,0.6107505279192385,0.677954679865969,0.8051290592615108,0.8051290592615108,0.8998329155058733,0.7817821097640076,0.6626504575300065,0.776393202250021,0.925464400750007,1.0,1.0,0.7053721745056052,0.9350430197538369,0.6944949536696108,0.9350430197538369,0.925464400750007,0.925464400750007,0.9053679553185232,0.975344316363923,1.0,0.8153627635310009,0.9410744349011211,0.7763932022500208,0.8356010126946427,0.6825489111714222,0.5664450152379401,0.5069506686977019,0.7190242565254918,0.5899278063802671,0.7190242565254918,0.8356010126946427,0.6089230555624785,0.9666109718352911,0.9666109718352911,0.772815266301174,0.7190242565254918,0.772815266301174,0.772815266301174,0.9666109718352911,0.9432038165752936,0.5462573935134847,0.9053679553185232,0.6534483599581637,0.9684559851061745,0.9410744349011211,0.9666109718352911,0.5596144939494558,0.5664450152379401,0.5691797815723354,0.9754928459302064,0.5663773216310799,0.30689671991632794,0.8274102145474617
p25_E,0.910864672903187,0.8797498694524051,0.8370295850872898,0.28615871652696345,0.6716831416293318,0.5866964910164679,0.6063890531695177,0.0,0.8214019430435118,0.40585151398412345,0.8617939697020156,0.9481149206450727,0.8533098610331643,0.9592551955748305,0.8069289131141031,0.8705815178975317,0.8214019430435118,0.8894048715746,0.7912562727601814,0.9232966645061764,0.7599519363388227,0.813758956462097,0.40585151398412345,0.8533098610331643,0.8370295850872898,0.28615871652696345,0.45136394033224336,0.7537776193082728,0.7987040901137215,0.8705815178975317,0.8797498694524051,0.41997439180537777,0.35189864704867757,0.8533098610331643,0.8061993667553962,0.6716831416293316,0.7236034966686109,0.424671979647844,0.7764440046584354,0.8291502691344108,0.910864672903187,0.35189864704867757,0.8617939697020156,0.28615871652696345,0.9232966645061764,0.7390601397074947,0.6303656298238984,0.677954679865969,0.8533098610331644,0.8894048715746,0.910864672903187,0.424671979647844,0.5609708538264429,0.8705815178975317,0.8617939697020156,0.7390601397074947,0.7678426380329071,0.8061993667553959,0.9271472713492386,0.6520397721290072,0.8533098610331643,0.9232966645061763,0.89969864321437,0.35189864704867757,0.6080120568097853,0.6049525483994447,0.8705815178975317,0.6342093263881531,0.7427881190743285,0.7943035555775997,0.4817871084786032,0.35189864704867757,0.9108646729031871,0.28615871652696345,0.89969864321437,0.8061993667553962,0.8214019430435117,0.6309041137157925,0.8214019430435117,0.6224971173322815,0.6309041137157927,0.45136394033224336,0.8797498694524051,0.8634848203745262,0.6378258781326634,0.8894048715746,0.8254474276131077,0.49923374834658807,0.8705815178975317,0.5249679897567221,0.7912562727601814,0.7838408151299916,0.8705815178975317,0.5438768919047936,0.5866964910164678,0.8797498694524051,0.6049525483994447,0.7073059841233853,0.8003590093898217,0.8450704225352113,0.9232966645061764,0.9232966645061764,0.5830310764189466,0.8797498694524051,0.5143616833064031,0.49058515376971545,0.8533098610331643,0.6520397721290072,0.8370295850872898,0.7912562727601813,0.9232966645061764,0.35189864704867757,0.9232966645061764,0.8533098610331643,0.8533098610331644,0.8137589564620971,0.8332548018762207,0.7236034966686109,0.9867863204605951,0.6900471928863294,0.49058515376971534,0.8705815178975318,0.7299983419113922,0.8686496819210954,0.7427881190743285,0.28615871652696345,0.9063151114324488,0.28615871652696345,0.8705815178975318,0.6716831416293316,0.8291502691344108,0.8291502691344108,0.7764440046584353,0.28615871652696345,0.7764440046584353,0.7764440046584354,0.8291502691344108,0.7764440046584353,0.6080120568097855,0.8137589564620971,0.668727024891014,0.6309041137157925,0.6035977704940814,0.8291502691344108,0.9231786172241812,0.8686496819210954,0.8964928436079956,0.6378258781326633,0.9333714427326358,0.668727024891014,0.6162213693976506
p26_Y,0.8972475334524821,0.8613793439832655,0.8121327126744551,0.8725093337963902,0.7679522595538716,0.5678767465688164,0.5462573935134849,0.8214019430435118,0.0,0.8508103499926476,0.8406803344151674,0.6370059148107879,0.8309001146013693,0.6181186920870134,0.7422915169438749,0.8508103499926474,0.7941176470588234,0.8725093337963902,0.14441473610700295,0.9115787514208387,0.7679522595538715,0.041038143022749995,0.8508103499926476,0.8309001146013693,0.8121327126744551,0.8725093337963902,0.8406803344151674,0.7252452073603965,0.1127586394706852,0.8508103499926474,0.8613793439832655,0.8214019430435118,0.8613793439832654,0.8309001146013693,0.7765925841869048,0.7679522595538715,0.7422915169438749,0.8972475334524821,0.20110370252601228,0.8030496793224133,0.8972475334524821,0.8613793439832654,0.8406803344151674,0.8725093337963902,0.9115787514208387,0.7337716556404916,0.6553577499159651,0.5462573935134849,0.8309001146013693,0.8725093337963902,0.8972475334524821,0.8972475334524821,0.8725093337963902,0.8508103499926474,0.8406803344151674,0.7337716556404915,0.7166994134616009,0.7765925841869049,0.7166994134616007,0.7765925841869049,0.8309001146013693,0.9115787514208386,0.8843756774842799,0.8613793439832654,0.7941176470588233,0.6181186920870134,0.8508103499926474,0.5117479207629965,0.6820856739362353,0.6995016179647897,0.6553577499159651,0.8613793439832655,0.8972475334524821,0.8725093337963902,0.8843756774842799,0.07844440977098177,4.440892098500626e-16,0.7853070469453918,4.440892098500626e-16,0.7508183328011993,0.7853070469453918,0.8406803344151674,0.8613793439832655,0.5783277497498607,0.5885622212877946,0.8725093337963902,0.29462845279395977,0.690826528799579,0.8508103499926474,0.8214019430435118,0.14441473610700295,0.17376605086713393,0.8508103499926474,0.6084433044790842,0.5678767465688164,0.8613793439832655,0.6181186920870134,0.7508183328011994,0.35239674320344294,0.8214019430435118,0.5705253640440735,0.9115787514208387,0.8030496793224133,0.8613793439832655,0.6820856739362353,0.8309001146013693,0.8309001146013693,0.7765925841869048,0.8121327126744551,0.7593666445300944,0.9115787514208387,0.8613793439832654,0.9115787514208387,0.8309001146013693,0.8309001146013693,0.7853070469453918,0.6084433044790845,0.7422915169438749,0.7765925841869049,0.7593666445300945,0.8309001146013693,0.8508103499926474,0.5678767465688164,0.17376605086713393,0.6820856739362353,0.8725093337963902,0.041038143022749995,0.8725093337963902,0.8508103499926474,0.7679522595538715,0.8030496793224132,0.8030496793224132,0.7422915169438749,0.8725093337963902,0.7422915169438749,0.7422915169438749,0.8030496793224132,0.7422915169438747,0.7941176470588232,0.7853070469453918,0.46087344765225335,0.7853070469453918,0.7593666445300944,0.8030496793224132,0.2506687473465363,0.17376605086713393,0.07844440977098155,0.5885622212877943,0.3865933253715754,0.4608734476522538,0.6084433044790842
p27_T,0.6928604236918999,0.8995505595332156,0.9035708327393404,0.1454456378352894,0.5598426021126024,0.654752090236423,0.8356010126946427,0.40585151398412345,0.8508103499926476,0.0,0.9839654616065824,0.821216101305424,0.8713374411335837,0.8901240039899292,0.7082114050677792,0.8918918918918919,0.8508103499926474,0.9345611524468465,0.8256285418842713,0.9359268293747001,0.7626117404652231,0.844425876877299,0.27702702702702686,0.8713374411335837,0.9035708327393404,0.1454456378352894,0.32654938747646045,0.45700801585999984,0.8318499828295334,0.8918918918918919,0.8995505595332156,0.40585151398412345,0.2179293563657504,0.8713374411335837,0.9544687379584551,0.5598426021126021,0.6125047459300108,0.3112627682788054,0.8132552992433788,0.9176631637391772,0.925541920895006,0.21792935636575061,0.8845513235673934,0.1454456378352894,0.9359268293747001,0.4396177072494942,0.8231008407501252,0.9178005063473214,0.8713374411335837,0.9076157446308422,0.925541920895006,0.3112627682788055,0.4610918436799123,0.8918918918918919,0.8845513235673933,0.6279429039935167,0.4733874298310674,0.8381110682967292,0.8861981310228153,0.3322081567240093,0.8713374411335837,0.9359268293747001,0.7402650053183679,0.2179293563657504,0.4938208303321959,0.7761785266461523,0.9695945945945946,0.7768617696214759,0.5307237271923713,0.6820824038941802,0.7377730109943033,0.2179293563657504,0.9255419208950061,0.1454456378352894,0.9162145178446348,0.8381110682967294,0.8508103499926474,0.5177202183196268,0.8508103499926474,0.5961026641955902,0.4114112341857814,0.32654938747646056,0.8995505595332156,0.8110360931929614,0.802581385770289,0.7767380495245348,0.7884949419943443,0.694101886122755,0.8918918918918919,0.40585151398412356,0.8256285418842713,0.8194341322286169,0.8918918918918919,0.7851714206821072,0.819347023960919,0.8995505595332156,0.7761785266461523,0.5961026641955903,0.857084044190404,0.8705815178975318,0.9359268293747001,0.6262398380190843,0.46755512551334477,0.8995505595332156,0.7056357925115784,0.36894078270281505,0.8713374411335837,0.435918253596417,0.980146936152217,0.975781741928371,0.9359268293747001,0.2179293563657504,0.9359268293747001,0.8713374411335837,0.8713374411335837,0.844425876877299,0.7020773475497151,0.6125047459300108,0.8381110682967294,0.5786023095536557,0.36894078270281505,0.891891891891892,0.8193470239609191,0.8194341322286169,0.7056357925115784,0.1454456378352894,0.844425876877299,0.1454456378352894,0.891891891891892,0.5598426021126021,0.9176631637391772,0.9176631637391772,0.9953313824810845,0.1454456378352894,0.9953313824810845,0.9953313824810845,0.9176631637391772,0.9953313824810844,0.4938208303321959,0.9429561548550097,0.7232752693079698,0.5177202183196268,0.5786023095536559,0.9176631637391772,0.8009029391486666,0.8194341322286169,0.8381110682967294,0.6373943820270613,0.9287128708035128,0.8901240039899292,0.7851714206821073
p31_M,0.7172842602237529,0.1299212466465829,0.2623366090188195,0.9013428299483737,0.820432553448833,0.7437268754749393,0.8829588528038694,0.8617939697020156,0.8406803344151674,0.9839654616065824,0.0,0.5610956980145103,0.057836939337615134,0.5828031844356882,0.8005752860683151,0.06358295782441215,0.32984585111141895,0.9013428299483737,0.8137886750644674,0.9315762446223341,0.8204325534488328,0.833862353934467,0.8845513235673934,0.057836939337615134,0.15195632058732944,0.9013428299483737,0.8767123287671232,0.8754372066446315,0.820432553448833,0.06358295782441215,0.12992124664658267,0.8617939697020156,0.8927300167098526,0.057836939337615134,0.28686491894198873,0.8204325534488328,0.8005752860683149,0.9204861981879305,0.9822733587616279,0.1910667368465817,0.9204861981879306,0.8927300167098526,0.12480974124809785,0.9013428299483737,0.9315762446223341,0.8833656353262773,0.73330260099815,0.6488765584116084,0.057836939337615245,0.1997807318034751,0.9204861981879306,0.9204861981879306,0.9013428299483737,0.3265493874764607,0.8767123287671232,0.8833656353262773,0.9544597042221876,0.827118768228361,0.43763030097631694,0.9255650252094332,0.057836939337615134,0.9315762446223341,0.6003470639273243,0.8927300167098526,0.8406803344151674,0.704485588975279,0.19506617265043635,0.6221718040721845,0.8370028674220199,0.8522097034706126,0.73330260099815,0.9676487351982095,0.9204861981879305,0.9013428299483737,0.9105254620732814,0.827118768228361,0.8406803344151674,0.833862353934467,0.8406803344151674,0.8996400938170097,0.6615714617183588,0.9984779299847792,0.8927300167098526,0.9084052858356811,0.6816136576206533,0.3495934715115001,0.7741336941986194,0.7607497032374286,0.06358295782441215,0.8617939697020156,0.8137886750644674,0.8071736634012208,0.06358295782441215,0.6969984027445129,0.6656064434635827,0.1299212466465829,0.6619933207233586,0.9921065242327984,0.7539856943077692,0.8617939697020156,0.9315762446223341,0.6528127967873991,0.8475922837537038,0.1299212466465829,0.6648940938924757,0.8691440193524467,0.057836939337615134,0.827118768228361,0.15195632058732922,0.33791528911810575,0.9315762446223341,0.8927300167098526,0.9315762446223341,0.057836939337615134,0.057836939337615245,0.3588317511100543,0.7758750090141955,0.8005752860683151,0.827118768228361,0.8137886750644672,0.8691440193524466,0.06358295782441203,0.6656064434635826,0.8071736634012208,0.7539856943077692,0.9013428299483737,0.833862353934467,0.9013428299483737,0.06358295782441203,0.820432553448833,0.19106673684658182,0.19106673684658182,0.38178338681177637,0.9013428299483737,0.38178338681177637,0.3817833868117765,0.19106673684658182,0.38178338681177637,0.8406803344151674,0.2579185142406195,0.704485588975279,0.8338623539344672,0.8137886750644672,0.19106673684658182,0.7873841975485953,0.8071736634012208,0.827118768228361,0.7600150992876396,0.8218714993126719,0.7836757252629494,0.6969984027445131
p32_V,0.9490475334634932,0.6181186920870135,0.7653777098235997,0.7752194052203936,0.5908733504345931,0.8107503124291169,0.3999999999999998,0.9481149206450727,0.6370059148107879,0.821216101305424,0.5610956980145103,0.0,0.6105514939187864,0.10020342031994645,0.5456305326023481,0.5890025317366069,0.6321443868841465,0.7752194052203933,0.6965333397407734,0.8441032474092085,0.8540982168829248,0.6214718212740928,0.8212161013054238,0.6105514939187864,0.6946459899910085,0.7752194052203936,0.7191012467292865,0.5720003363071273,0.5908733504345929,0.5890025317366069,0.6181186920870134,0.7584660098994768,0.7555959629356885,0.6105514939187864,0.8261332689916925,0.9157680427365339,0.5456305326023481,0.8188356745368645,0.6620627086229962,0.7312183232740934,0.8188356745368646,0.7555959629356885,0.6410738152651995,0.7752194052203936,0.8441032474092085,0.6451627897957835,0.4657799838633653,0.6499999999999999,0.6105514939187864,0.6487803206568649,0.8188356745368646,0.8188356745368646,0.8712194509075171,0.7575114937245981,0.9590355984813543,0.6451627897957835,0.6674582599987842,0.8892176581186005,0.5534439491412245,0.669191617993043,0.6105514939187864,0.9772650569138428,0.8904258538409104,0.7555959629356885,0.6370059148107878,0.9628694671383748,0.6732570127306026,0.8911716926600947,0.7586653273099279,0.7960220170119832,0.6733915541155175,0.8450652979324453,0.8188356745368646,0.7752194052203936,0.9006187976696629,0.6061072288661351,0.6370059148107878,0.6214718212740928,0.6370059148107878,0.797674340444372,0.9447979739358052,0.8790574812306651,0.9345346329292024,0.6906341375618421,0.6201391119181994,0.7447803663439885,0.7051690529196062,0.7929637447474212,0.5890025317366069,0.6851112425356141,0.6361346355144224,0.5606642821077792,0.5890025317366069,0.5278436583691266,0.6105119333218602,0.6181186920870134,0.9863854712840706,0.6791693112760755,0.7054678994588903,0.6851112425356141,0.8441032474092085,0.8895731335815227,0.6527541070870275,0.6181186920870134,0.8157552498817728,0.7018576030000279,0.6105514939187864,0.6061072288661349,0.6946459899910085,0.3974860968639623,0.8441032474092085,0.7555959629356885,0.8441032474092085,0.6105514939187864,0.6105514939187864,0.8612063344671674,0.9161706756373386,0.6620627086229962,0.9523020472455086,0.5757359312880714,0.7018576030000279,0.589002531736607,0.9108695019827453,0.6199167966919275,0.7093603941796975,0.7752194052203936,0.6861370518064354,0.7752194052203936,0.589002531736607,0.8540982168829248,0.7312183232740934,0.7312183232740934,0.5229120592324654,0.7752194052203936,0.5229120592324654,0.5229120592324654,0.7312183232740934,0.9304246753047345,0.897907913540534,0.7965411039348249,0.7834052249738523,0.6214718212740928,0.6361346355144224,0.7312183232740934,0.6284247292698533,0.6199167966919275,0.669191617993043,0.9779435613371856,0.6173917543803644,0.3774447323534158,0.9161706756373384
p35_I,0.565366021626593,0.18024393872323197,0.20533774769522684,0.8952865229270761,0.809409375034378,0.7943277687200545,0.925464400750007,0.8533098610331643,0.8309001146013693,0.8713374411335837,0.057836939337615134,0.6105514939187864,0.0,0.5571925572299521,0.7883331216663492,0.11774245348743062,0.376746136673618,0.9616050584065945,0.8023576462394764,0.9273758882782341,0.809409375034378,0.8236635960353502,0.877464229651032,0.0,0.09989712522113092,0.8952865229270761,0.8691440193524467,0.9425573042096447,0.809409375034378,0.11774245348743062,0.18024393872323197,0.8533098610331644,0.8861449914893378,0.0,0.24308741147562696,0.809409375034378,0.7883331216663492,0.9156050527430278,0.9618999618999429,0.1414084281921424,0.9156050527430277,0.8861449914893378,0.17706127726094167,0.8952865229270761,0.9273758882782341,0.9521020398211305,0.716930741463851,0.627322003750035,0.0,0.2460629650749483,0.9156050527430277,0.9156050527430277,0.8952865229270761,0.36894078270281494,0.8691440193524465,0.8667187195022765,0.9838130952707749,0.8165060391456065,0.486065774847102,0.9954126509786402,0.0,0.9273758882782341,0.4719826624036776,0.8861449914893378,0.8309001146013693,0.6863447280378828,0.11774245348743062,0.6737138482187272,0.8974876026038667,0.8341423142274542,0.716930741463851,0.9804819985410294,0.9156050527430278,0.8952865229270761,0.9050328529503016,0.8165060391456065,0.8309001146013693,0.8236635960353502,0.8309001146013693,0.8836649898505777,0.5979529989605988,0.9883683572757731,0.8861449914893378,0.8778705465399704,0.6620687483167655,0.2460629650749484,0.7602683492573079,0.746062749908315,0.11774245348743062,0.8533098610331644,0.8023576462394764,0.795336556218609,0.11774245348743062,0.678397922921683,0.6450788929239877,0.18024393872323197,0.7084851001763852,0.9719934234825465,0.8181855593351599,0.8533098610331644,0.9273758882782341,0.47710639560328594,0.8382363705289544,0.18024393872323197,0.7060021810525992,0.8611111111111112,0.0,0.9105466940834832,0.20533774769522672,0.2972716310736937,0.9273758882782341,0.8861449914893378,0.9273758882782341,0.0,0.0,0.4051585306259151,0.7537446952657461,0.7883331216663492,0.8165060391456065,0.8023576462394764,0.861111111111111,0.11774245348743051,0.6450788929239878,0.795336556218609,0.7388835160664531,0.8952865229270761,0.8236635960353502,0.8952865229270761,0.11774245348743051,0.809409375034378,0.1414084281921425,0.1414084281921425,0.34383267716568233,0.8952865229270761,0.34383267716568233,0.34383267716568233,0.1414084281921425,0.3438326771656822,0.8309001146013693,0.21236406229123184,0.6863447280378827,0.8236635960353502,0.8023576462394764,0.1414084281921425,0.77433226653789,0.795336556218609,0.8165060391456065,0.8118544923060911,0.8802246735659582,0.8376372709843158,0.6783979229216832
