,p1_P,p1_Q,p7_Q,p7_S,p11_I,p11_V,p14_N,p14_S,p16_R,p19_L,p19_V,p25_E,p27_T,p31_M,p32_V,p35_I,p35_W,p36_M,p36_Q,p37_Y,p38_K,p39_I,p39_L,p41_G,p42_ILVS,p49_C,p49_I,p50_F,p52_T,p56_G,p56_V,p60_V,p60_Y,p64_Q,p64_T,p69_R,p70_T,p81_V,p83_G,p84_L,p84_T,p85_I,p87_C,p87_V,p88_C,p88_I,p93_V,p94_S,p94_T,p96_T,p96_Y,p97_C,p97_T,p98_C,p98_S,p100_V,p100_Y,p101_G,p103_M,p104_S,p104_V,p108_I,p108_L,p108_T,p109_G,p110_R,p111_T,p111_V,p112_M,p112_V,p119_I,p119_MT,p122_Q,p123_V,p124_S,p133_V,p144_G,p144_S,p145_S,p150_G,p153_S,p154_G,p154_M,p155_M,p157_I,p157_V,p158_L,p158_VTMFI,p162_V,p165_L,p165_S,p166_S,p169_V,p173_L,p179_L,p181_HANQGISYD,p183_M,p185_T,p185_V,p194_L,p195_N,p205_M,p209_S,p209_T,p209_V,p210_V,p213_F,p213_I,p214_I,p214_V,p218_L,p218_T,p218_V,p222_T,p225_S,p228_L,p228_M,p232_E,p242_T,p255_L,p256_L,p259_F,p259_I,p259_L,p260_G,p261_Y,p263_L,p263_V,p264_C,p269_G,p271_V,p271_Y,p273_G,p274_W,p274_Y,p277_F,p277_L,p279_Q,p279_R,p282_S,p284_S,p284_T,p286_L,p286_M,p286_Q,p287_S,p287_T,p288_M,p289_S,p290_L,p290_V,p292_S,p295_S,p301_Y,p303_P,p304_V,p315_S,p318_L,p319_N,p320_T,p322_F,p326_S,p332_GAP,p333_S,p334_S,p336_V,p338_SG,p338_T
p1_P,0.0,0.9461618097941835,0.5422161115253397,0.9516012104155447,0.6640975856303377,0.7149505129512257,0.9057676374697587,0.9538279377987922,0.6655821622763812,0.9562663422325124,0.9445166414282348,0.9317872341333752,0.9254321412378929,0.4766533173426176,0.7734745933814366,0.4766533173426176,0.7901480712974867,0.5594569895252628,0.8625415311465439,0.8552627602320555,0.7430619255876076,0.6383764219161616,0.9409063159714721,0.879238527115088,0.9488259792809068,0.5239669888967154,0.9980251572467652,0.9461618097941835,0.4766533173426176,0.6274364040427689,0.9545085146405732,0.9340363406775796,0.9914970916045487,0.9329132962006017,0.5594569895252628,0.559456989525263,0.7074375796461616,0.9363346910068353,0.5924946551754124,0.9386884179928131,0.9516012104155447,0.5850391423652298,0.4766533173426176,0.6719931556484968,0.9858354205726687,0.9985438651673211,0.9490352808562375,0.9545085146405732,0.9386884179928131,0.42246462331309087,0.5502754935444614,0.9545085146405732,0.6782622939176204,0.9162624116713391,0.9509066033037636,0.9411047646097954,0.6032463755326363,0.9545085146405732,0.9545085146405732,0.9575757575757575,0.9830117602854125,0.9231881506231234,0.9262689075422161,0.8528775284158749,0.47665331734261773,0.9488259792809068,0.9575757575757575,0.9608412672232174,0.9545085146405732,0.938688417992813,0.8787943985480542,0.9643603184788441,0.9858850226498154,0.7388574539257474,0.9980251572467652,0.631827990969499,0.7185894117274205,0.7421516859606845,0.5996634412530373,0.49366191750881383,0.9545085146405732,0.0,0.9461618097941835,0.65892451246169,0.9015268072165337,0.8576290577240211,0.5594569895252628,0.9162624116713391,0.8431276852165799,0.9445166414282348,0.9211189362253385,0.8530841612026572,0.8625415311465439,0.9091751231811556,0.9057676374697587,0.9516012104155447,0.9593754694995997,0.9516012104155447,0.9475767684988288,0.7867136780531638,0.8977632669595494,0.9985438651673211,0.9435923925182235,0.9254321412378929,0.9705755056831751,0.8979807549532987,0.45252853336163135,0.8681402843924673,0.6841407643915753,0.6035661781699122,0.5594569895252628,0.9787161054274729,0.8054583148571188,0.5924946551754124,0.6447931260310682,0.5752465587632857,0.9057676374697587,0.6065649293833162,0.6913668340837495,0.7249398347160767,0.7543376735031644,0.6607583234846941,0.7791202164346434,0.9709925713545843,0.7421516859606846,0.9516012104155447,0.9888785865119782,0.8381129536601735,0.7256483694156328,0.9608412672232174,0.6640975856303377,0.9575757575757575,0.1489177489177489,0.7221543384818808,0.7572603062485268,0.9742918854364299,0.5594569895252628,0.7149505129512255,0.986936760310055,0.49366191750881383,0.8958927951178062,0.4621745651727617,0.6126040968339086,0.9575757575757575,0.9516012104155447,0.9575757575757575,0.4766533173426176,0.4936619175088137,0.7069663025510906,0.9952242024764104,0.8810823219978874,0.886616442825032,0.9562663422325124,0.9787161054274729,0.559456989525263,0.8576290577240211,0.9545085146405732,0.7301264030835741,0.9545085146405732,0.559456989525263,0.9274164620988181,0.9545085146405732,0.9231881506231234,0.8996409324174284,0.8958927951178062,0.7074375796461616,0.9575757575757575,0.5924946551754124
p1_Q,0.9461618097941835,0.0,0.9192059817872567,0.9385798522146331,0.5737253739363666,0.6382599281718018,0.9422693464497456,0.8537689208161494,0.4828581723355365,0.8561113842327615,0.7782060718057169,0.9134350632247558,0.9350579644176138,0.2107314588139506,0.6335440028349741,0.2107314588139506,0.656183766116764,0.1838204435769164,0.8255592847710156,0.789163320321029,0.5917009986123387,0.31747636721006556,0.9284163174844682,0.846748491541778,0.9350579644176138,0.27940673165433216,0.8947412598225204,0.9316770186335404,0.2107314588139506,0.2990900408912166,0.9422693464497458,0.9162892762642993,0.8420654861735525,0.7646755975876931,0.1838204435769164,0.18382044357691663,0.6287256923394484,0.9192059817872567,0.4828581723355365,0.9221929626718279,0.9385798522146331,0.4733968055834189,0.2107314588139506,0.4919556705190624,0.8822897221654651,0.8922059618802609,0.8490883466323651,0.9422693464497458,0.9221929626718279,0.5572133937564574,0.31747636721006556,0.9422693464497458,0.5917009986123387,0.9385798522146331,0.8726400222929764,0.9252594105642231,0.2582589418675919,0.9422693464497458,0.9422693464497458,0.9461618097941835,0.8490883466323651,0.9025224560179839,0.8255592847710156,0.7386133489130333,0.2107314588139506,0.04948475193052859,0.9461618097941835,0.9503058821328427,0.9422693464497458,0.20879337366287376,0.9503058821328427,0.9547717096884618,0.9898676688622664,0.940313689340853,0.8947412598225202,0.5327738689491601,0.6428778473910393,0.6727793878632671,0.4919556705190622,0.235447148457392,0.9422693464497458,0.9461618097941835,0.9316770186335404,0.47339680558341923,0.8750332786091002,0.7446230407723757,0.1838204435769164,0.9385798522146331,0.7261594659566661,0.7782060718057169,0.8998965338574763,0.8135574751265657,0.8255592847710156,0.4715971463046147,0.9422693464497458,0.9385798522146331,0.9192059817872567,0.9385798522146331,0.9252594105642231,0.7293304744385705,0.8702571839843205,0.501011598085716,0.9284163174844682,0.9350579644176136,0.976237577173912,0.7937459715616667,0.6798418972332015,0.8326643436935814,0.8608052665495592,0.8872072239750715,0.1838204435769164,0.9078883653299623,0.6767447270319573,0.4828581723355365,0.45327059391481406,0.21073145881395072,0.9422693464497456,0.5007139560989315,0.6083312242971859,0.17576287034811067,0.6882439307205562,0.1838204435769163,0.7196940447093063,0.8584565139407543,0.6727793878632671,0.9385798522146331,0.8847393208653127,0.7196940447093062,0.651835968619755,0.2726588203079702,0.5737253739363666,0.9461618097941835,0.9335762588369795,0.6474018929298413,0.6919528775079395,0.9106366796898251,0.1838204435769164,0.6382599281718018,0.9025224560179839,0.235447148457392,0.8678834746842612,0.31747636721006556,0.4072307930216076,0.9461618097941835,0.9385798522146331,0.9461618097941835,0.2107314588139506,0.2354471484573919,0.43132131644084315,0.8896953932478822,0.8490883466323651,0.8561113842327615,0.8561113842327615,0.9078883653299624,0.18382044357691663,0.7446230407723758,0.9422693464497458,0.5737253739363668,0.9422693464497458,0.18382044357691663,0.9078883653299625,0.9422693464497458,0.9025224560179839,0.8726400222929764,0.8678834746842612,0.6287256923394484,0.9461618097941835,0.4828581723355365
p7_Q,0.5422161115253397,0.9192059817872567,0.0,0.9273687939321045,0.9120879592964419,0.9629014742648578,0.9317317338750886,0.8270772697772077,0.9003092081702945,0.8298473045174855,0.7794921044219345,0.8976343107615405,0.9232040537359847,0.7571323843558118,0.9974658161329248,0.7571323843558118,0.9788631655309318,0.7442745548569865,0.8829774194971027,0.9345818735195988,0.9709776675975305,0.8098819093979015,0.915350102802535,0.818775397123078,0.9232040537359847,0.790706481327492,0.8755283156433722,0.9192059817872567,0.7571323843558118,0.8635054676018548,0.9317317338750886,0.9010095051059304,0.8597928648027193,0.9053130931968333,0.7442745548569865,0.7442745548569865,0.9987274108956039,0.9774946921443738,0.9003092081702945,0.9833507153063348,0.9273687939321045,0.8947084335379533,0.7571323843558118,0.905760316688154,0.860803990970757,0.8725302481699555,0.8215423474379375,0.9317317338750886,0.9079907951139561,0.724558539399732,0.8098819093979015,0.9317317338750886,0.9709776675975306,0.9273687939321045,0.849392925299257,0.9116169636726399,0.7802393792896908,0.9317317338750886,0.9317317338750886,0.9363346910068353,0.8691310547878208,0.8847298184841401,0.7937185110869107,0.7321153082612958,0.7571323843558118,0.9232040537359847,0.9363346910068353,0.9412351834810839,0.9317317338750886,0.9079907951139561,0.9412351834810839,0.9465161613548156,0.9132318568043829,0.9875246767799422,0.8755283156433722,0.592577177084836,0.9899450503765539,0.9643761793527158,0.905760316688154,0.769080853869224,0.9317317338750886,0.5422161115253397,0.9192059817872567,0.8947084335379532,0.8522230241990041,0.6980089234647977,0.7442745548569865,0.9273687939321045,0.9112480124887359,0.9698865869474889,0.8816245850968065,0.7795260035644624,0.7937185110869105,0.9195185182936405,0.9704170846792051,0.9273687939321045,0.9044585987261147,0.9273687939321045,0.9116169636726399,0.7211631232991904,0.8465751460124462,0.9309963743426692,0.915350102802535,0.9232040537359847,0.8145413672578202,0.7560982937685599,0.7439074453014254,0.8021204608922541,0.9162551045582206,0.9067980290325213,0.7442745548569865,0.8910751706044553,0.9127664761853065,0.9003092081702945,0.8830098941575449,0.7571323843558118,0.9317317338750886,0.8609230438765454,0.983134217887609,0.8545079248149613,0.9501151645409849,0.8861609308718198,0.9183333851402813,0.931045365174678,0.9643761793527157,0.9273687939321045,0.8637007164650365,0.9596470844222567,0.9825333186660677,0.9412351834810839,0.9583291550181912,0.9363346910068353,0.5422161115253397,0.9862266105724047,0.9465729768423189,0.8943251365164246,0.7442745548569865,0.9936907269157923,0.8847298184841401,0.769080853869224,0.8437681620579243,0.8098819093979014,0.857210274391943,0.9363346910068353,0.9273687939321045,0.9363346910068353,0.7571323843558118,0.769080853869224,0.8705555002620624,0.8695614238629361,0.8215423474379375,0.8298473045174857,0.8298473045174855,0.8910751706044554,0.7442745548569865,0.6980089234647977,0.9317317338750886,0.958329155018191,0.9317317338750886,0.7442745548569865,0.8910751706044555,0.9317317338750886,0.8847298184841401,0.8493929252992569,0.8437681620579243,0.9987274108956039,0.9593754694995996,0.9003092081702945
p7_S,0.9516012104155447,0.9385798522146331,0.9273687939321045,0.0,0.7339691258593732,0.7848037100249043,0.9481020119162553,0.9298183469930371,0.664808962069678,0.6967432834438527,0.8289222670857379,0.4654389032467092,0.2773755919148866,0.9221809250206914,0.832394207597843,0.9221809250206914,0.8755489643616405,0.9247467701169318,0.8997294569712639,0.8144943830747045,0.7479472898658803,0.9100102255297722,0.9618658296124397,0.8622318565498788,0.946808616280988,0.9147644718824883,0.4918330059748912,0.2077421341220853,0.9221809250206914,0.992118012469906,0.18404829846112458,0.3561668110004168,0.6700897364463052,0.8440093104046754,0.9247467701169318,0.9247467701169318,0.7771684698923222,0.33233091310919693,0.664808962069678,0.30609120061192474,0.23449216087252844,0.657719405193408,0.9221809250206914,0.8791047469260824,0.8941822719697226,0.4302083041258702,0.7135967666241143,0.06006977137217884,0.30609120061192474,0.9416192129913283,0.9881831609281521,0.18404829846112458,0.6904498546628717,0.9447852760736195,0.8855075042649334,0.3757705574430923,0.9995157580305776,0.9481020119162552,0.18404829846112458,0.9516012104155447,0.5930059315184779,0.9123708445183694,0.8175404872755786,0.8694565916686736,0.9221809250206913,0.9416192129913283,0.9516012104155447,0.1909150391364416,0.43200535263901585,0.930053993021682,0.9553265972529323,0.8852519203248195,0.7188973234654086,0.7433986804896003,0.9807247002266337,0.8685429951290897,0.7337395976188026,0.7593796323038589,0.6716425225152852,0.995041065977852,0.9481020119162551,0.9516012104155447,0.31445188582999584,0.6577194051934081,0.5756005313984653,0.8117237006529563,0.9247467701169318,0.9379686434901157,0.8279822774964825,0.7230756121891444,0.988183160928152,0.6705679252785185,0.7044484649743159,0.8963843818769661,0.18404829846112458,0.9379686434901156,0.8875561328282207,0.11724608043626461,0.9328106303779593,0.8611751881198513,0.6577194051934082,0.5783627586842227,0.3469523321130329,0.9416192129913283,0.7650218650036127,0.7559005528888529,0.9547103960774569,0.9070680989160675,0.9992682365034478,0.9703737005217057,0.9247467701169318,0.499778045586485,0.7628041012012043,0.664808962069678,0.6426930944494433,0.990336193303223,0.9481020119162553,0.6782375561599778,0.7609944761249472,0.9328106303779593,0.7727716213313948,0.9247467701169318,0.8003589362370136,0.628421408237438,0.8129199987252511,0.8207225630538508,0.8963843818769661,0.7808817592845274,0.7957673024009517,0.9553265972529323,0.616792914970288,0.9516012104155447,0.9516012104155447,0.7921740204382618,0.7759989396374412,0.48327907489218347,0.9247467701169318,0.7848037100249043,0.5293989798208727,0.995041065977852,0.664808962069678,0.9100102255297722,0.9671061529768148,0.9516012104155447,0.23449216087252844,0.9516012104155447,0.9221809250206914,0.9950410659778521,0.8919949884511933,0.9533861980791617,0.7135967666241143,0.8706487938860037,0.6967432834438527,0.4997780455864853,0.9247467701169318,0.7594922111566798,0.18404829846112458,0.6753810204148306,0.18404829846112458,0.9247467701169318,0.4997780455864853,0.18404829846112458,0.5293989798208727,0.6503545668966143,0.664808962069678,0.7771684698923222,0.916262411671339,0.664808962069678
p11_I,0.6640975856303377,0.5737253739363666,0.9120879592964419,0.7339691258593732,0.0,0.15139196726619475,0.6398120769562221,0.8837530225383385,0.24052312118362817,0.7816703702924115,0.9384979194647409,0.7659194199556616,0.6505723092561548,0.4599117995719664,0.7474575612164363,0.4599117995719664,0.735030029855273,0.47771954993361154,0.9015962902302559,0.9276322026260375,0.44441131564110103,0.49263294531929736,0.7070182635856967,0.910990840016724,0.7063251504509056,0.44913871773772973,0.7197990808218149,0.6270484544330536,0.4599117995719664,0.5512261277447367,0.6398120769562219,0.522635668639321,0.8399414963866443,0.9726950157553769,0.47771954993361154,0.47771954993361154,0.48933986500647375,0.7271231764094448,0.20811676465760087,0.7054032034841353,0.6167929149702879,0.19052024259765743,0.4599117995719664,0.7382163807088737,0.9625198970400172,0.5865768823673732,0.841818848797511,0.7017643997197518,0.5622657769284038,0.5948194680614041,0.49263294531929724,0.6398120769562219,0.27202180203364934,0.6753810204148304,0.9674449475730076,0.5336852084567878,0.5501653157575535,0.8645693409355395,0.6398120769562219,0.6640975856303379,0.7815593626251343,0.8908763583726231,0.8723544532702985,0.9608603156167934,0.4599117995719664,0.5948194680614041,0.6640975856303379,0.7610570431070993,0.7017643997197518,0.7054032034841353,0.8321611756081011,0.9715558227529149,0.7315817519254332,0.7222089032819826,0.6068430852781087,0.6387976764629233,0.5180884903420226,0.44640520054465727,0.2250906540071791,0.4850737940495461,0.7017643997197519,0.6640975856303377,0.7336946154264281,0.22328036454429379,0.99142350706856,0.9490135983540254,0.47771954993361154,0.9730903469179133,0.9583880137378618,0.9120520248345796,0.8832646973563649,0.8854413587728942,0.7028175108957135,0.9169925317585412,0.6398120769562219,0.855914136028828,0.727123176409445,0.6753810204148305,0.7804733442888878,0.6522340127437942,0.990476708736443,0.3644776333320413,0.6045937541075255,0.6505723092561547,0.7260222093175543,0.8399636915763549,0.680371534929741,0.6936411163216414,0.5403607150163163,0.583185349503969,0.47771954993361154,0.5085453234554015,0.3750944232296418,0.20811676465760076,0.2203188244145493,0.5036271739124942,0.6398120769562221,0.2414845006303028,0.44851209733383746,0.5336852084567877,0.48064423617242535,0.5226356686393208,0.551683589336387,0.7712077595872167,0.4464052005446574,0.9145022414733708,0.9876721581819616,0.760938467583718,0.4549667815541345,0.6899529106060978,0.3513191489361702,0.6640975856303379,0.6640975856303377,0.44554629493244613,0.3831341322313522,0.4850737940495462,0.47771954993361154,0.48118428124898016,0.5512261277447367,0.4850737940495461,0.7914311821260918,0.531696120523004,0.3868953335828881,0.6640975856303379,0.6167929149702879,0.6640975856303379,0.4599117995719664,0.485073794049546,0.7317474983250303,0.7776576140661859,0.9472729495991703,0.9360811281448178,0.8125525218628926,0.5085453234554016,0.47771954993361154,0.9204854926711588,0.6398120769562219,0.3513191489361701,0.6398120769562219,0.47771954993361154,0.5917853080597058,0.6398120769562219,0.8700247071062451,0.9994220996610592,0.9817243221917171,0.48933986500647364,0.9397295096502434,0.20811676465760087
p11_V,0.7149505129512257,0.6382599281718018,0.9629014742648578,0.7848037100249043,0.15139196726619475,0.0,0.6943416352113445,0.6281761772548147,0.36134259046552586,0.8759503265098363,0.7938911065572325,0.8289340323596366,0.7084971707630003,0.5416768147320248,0.5827963310196735,0.5416768147320248,0.5579537997831832,0.5567886147338357,0.809545905189803,0.979349351928523,0.5725397785323958,0.5800050885209891,0.7652187318208594,0.7219178965764599,0.760833795636449,0.5362024235091101,0.7608054532596276,0.6883156742333063,0.5416768147320248,0.6335315792613758,0.6943416352113441,0.5989525297038469,0.9385482935990733,0.8420560046786852,0.5567886147338357,0.5567886147338355,0.6240978432544807,0.7892702789874579,0.33092191075355437,0.7672017400179343,0.6748073894432804,0.31306897553295965,0.5416768147320248,0.8298702229818582,0.9690004521666848,0.672516732035537,0.9363619806238086,0.7524978727596281,0.6328349590886884,0.6561605458895514,0.5800050885209892,0.6943416352113441,0.41071331171120384,0.7298055497340923,0.9589515975545582,0.6042815221138405,0.629518763394163,0.8404084644023835,0.6943416352113441,0.7149505129512255,0.7949441597878282,0.8427556865317356,0.659958478496774,0.8162928619123069,0.5416768147320249,0.6561605458895514,0.7149505129512255,0.8036388259642875,0.7524978727596283,0.7672017400179345,0.8703861025139763,0.9478689291428779,0.8341951777709411,0.8319905212277372,0.6901156559411668,0.7144058817656078,0.6551851664701136,0.5977238132304141,0.3481859160333749,0.5668704281634587,0.7524978727596285,0.7149505129512257,0.7884271663563152,0.34382174393700216,0.9377879256319495,0.8974380452031462,0.5567886147338357,0.9402054885210358,0.8314906248963647,0.9676691931854482,0.910031546881146,0.7382310553473621,0.7395328209437873,0.9868845431355453,0.6943416352113441,0.8302091679394119,0.7892702789874578,0.7298055497340921,0.7896146145479301,0.8154685087786291,0.9181118143659802,0.4640264590316341,0.6690702124713068,0.7084971707630001,0.6448328663637932,0.6635195033355799,0.7383714202948108,0.6183278873616478,0.6467875969881104,0.6721435737458283,0.5567886147338357,0.5513792505845936,0.4570753624172287,0.33092191075355437,0.33835629142684986,0.5827135601073978,0.6943416352113445,0.3649016197292826,0.5803841360497599,0.6042815221138402,0.6356883338088386,0.5567886147338355,0.6179836292481042,0.8648102462111262,0.5977238132304141,0.8852073282302237,0.9467666750795664,0.6916459787652858,0.598698874868711,0.7368915494145987,0.48118428124898005,0.7149505129512255,0.7149505129512257,0.5884681039052144,0.5456366970883522,0.5668704281634587,0.5567886147338357,0.6191690415479227,0.6335315792613754,0.5668704281634587,0.8784941455690436,0.6166746950054511,0.4892686797488828,0.7149505129512255,0.6748073894432804,0.7149505129512255,0.5416768147320248,0.5668704281634585,0.8157355901051493,0.8946468463949262,0.8656530702058186,0.9339300652063258,0.9049401958580809,0.5904490069893785,0.5567886147338355,0.8484362223557604,0.6943416352113441,0.48118428124897994,0.6943416352113441,0.5567886147338355,0.6685885197989481,0.6943416352113441,0.48389936948797896,0.9278488432787169,0.9085610964471552,0.6240978432544806,0.9131517997740145,0.33092191075355437
p14_N,0.9057676374697587,0.9422693464497456,0.9317317338750886,0.9481020119162553,0.6398120769562221,0.6943416352113445,0.0,0.6052094132624724,0.6316075271338367,0.5987823411711574,0.7397103968523235,0.9268554990630928,0.9451261335194672,0.9268554990630928,0.842462249228094,0.9268554990630928,0.8320886338081981,0.9292672144310259,0.7288458412606063,0.7765536664240782,0.7157999082984827,0.915415890708033,0.19352216145448875,0.6865694287777302,0.22902217594851404,0.9198845505692943,0.9295890519589243,0.9422693464497458,0.9268554990630928,0.9176347078536884,0.9512195121951219,0.4054025213108122,0.6344646135189054,0.7546762980869889,0.9292672144310259,0.929267214431026,0.6862855221042221,0.9317317338750886,0.5630323049119967,0.9342556336692664,0.9481020119162553,0.5550377637612125,0.9268554990630928,0.8863668971382146,0.5832915283449807,0.9872484657387333,0.617453972161997,0.9512195121951221,0.4599569908546881,0.9451261335194672,0.9154158907080329,0.9512195121951219,0.6550008837056209,0.060069771372179614,0.5467127539621852,0.43647807170587416,0.9221687232797773,0.951219512195122,0.9512195121951219,0.06742455013174975,0.6174539721619969,0.8293861805540685,0.8484317779354158,0.779136947850307,0.9268554990630928,0.9451261335194672,0.06742455013174975,0.9580101183423662,0.9176829268292683,0.9342556336692664,0.44013491123154835,0.9617835945325488,0.6232947125215914,0.6500728938881177,0.45153577315372584,0.9412334622795284,0.6982436238136702,0.7235094339275792,0.5707193891888106,0.9244909577751577,0.13109756097560976,0.9057676374697587,0.9422693464497458,0.6243615904216038,0.8944072645303092,0.7739394590457263,0.9292672144310259,0.9481020119162553,0.7891814893221083,0.7956726615290739,0.5886136502617967,0.7487544491999769,0.7288458412606063,0.9026085483682038,0.9512195121951219,0.9481020119162553,0.28545881455926114,0.9481020119162553,0.2275863224244309,0.7712932267550385,0.8903716229556611,0.5427664143460061,0.735374459227254,0.46497980181480514,0.779136947850307,0.7200992679398031,0.9422693464497458,0.8586069195514843,0.5852526017386368,0.48817064722748693,0.9292672144310259,0.37325340325294354,0.7268600140278392,0.5630323049119967,0.6089769014638011,0.9268554990630928,0.13109756097560954,0.5781198500643931,0.6690528729232015,0.9368466804497961,0.7365764598118669,0.9756856049606651,0.7631507631939474,0.6580679477696894,0.7235094339275792,0.9481020119162553,0.4991296773221908,0.7940441419077799,0.7058129391856434,0.9580101183423662,0.6398120769562221,0.06742455013174975,0.9545085146405732,0.7020662922690366,0.7397103968523235,0.35397819429857147,0.9292672144310259,0.6943416352113443,0.4077543279003305,0.9244909577751577,0.6316075271338365,0.9980776338797279,0.9026085483682038,0.06742455013174975,0.9481020119162553,0.06742455013174975,0.9268554990630928,0.9244909577751577,0.89848282480198,0.9067962651798205,0.8724846573873324,0.7294820330623715,0.5987823411711573,0.37325340325294354,0.929267214431026,0.7739394590457263,0.9512195121951219,0.6398120769562221,0.9512195121951219,0.929267214431026,0.9221687232797773,0.9512195121951219,0.9176347078536884,0.8923850423075692,0.8883659173132838,0.6862855221042221,0.9545085146405732,0.5630323049119967
p14_S,0.9538279377987922,0.8537689208161494,0.8270772697772077,0.9298183469930371,0.8837530225383385,0.6281761772548147,0.6052094132624724,0.0,0.9544812740380658,0.9827239962402265,0.5896193777541177,0.7737900654322956,0.8610051294940955,0.8147258232741595,0.5331653030397068,0.8147258232741595,0.5190272661546573,0.8208346704679665,0.8335112911196857,0.9655679350798456,0.8521988308913417,0.867459180101929,0.6711591760900957,0.23344785551573066,0.6725145246129176,0.7970684911898127,0.9102525718036598,0.8537689208161494,0.8147258232741595,0.8330472701140845,0.876439587356957,0.803355126123378,0.9394206044525295,0.7158620923571969,0.8208346704679665,0.8208346704679665,0.8380393677495483,0.8754393992053708,0.9883740050573415,0.8833711708865037,0.8685429951290897,0.9964143662486803,0.8147258232741595,0.7121686618700127,0.9968216869932378,0.8048525639887805,0.9290986824180685,0.9412334622795283,0.8172234767624313,0.8610051294940956,0.7857494273332257,0.876439587356957,0.8473070664291169,0.6412541899593318,0.9953662148891222,0.8502376207124165,0.8463832406966327,0.876439587356957,0.876439587356957,0.6318279909694997,0.9448545307696095,0.9164024792298393,0.2799234479696602,0.4678463677062489,0.8147258232741592,0.8610051294940955,0.6318279909694997,0.968005562855893,0.9939726627979002,0.833470278827993,0.8088980916527662,0.9844172850633359,0.9221811390324316,0.8887434629375385,0.7133577038218932,0.9286911189722582,0.8481962061087588,0.9168693314728453,0.9804992318340118,0.8533127921327867,0.6700032881850437,0.9538279377987922,0.8537689208161494,0.9621516437360695,0.7675988524673957,0.5638778211945528,0.8208346704679665,0.9910936988569844,0.9602914296156217,0.9768437266444329,0.8465566852076098,0.6486154365798513,0.6049973769702317,0.8272300486958948,0.876439587356957,0.9298183469930371,0.7376635653693249,0.9298183469930371,0.5405086118451092,0.6781954924647431,0.7223125861477948,0.959710044929633,0.9925263449111386,0.6725145246129176,0.740745666318429,0.375192408877947,0.9095377581102121,0.6719023692836177,0.7716859945965217,0.716283994183301,0.8208346704679665,0.805385028164268,0.8104847596576485,0.9883740050573415,0.9779830491811218,0.8604462800845533,0.6700032881850437,0.9727777642848692,0.8630634664833738,0.8400333704202767,0.8358062028182067,0.9147872213201305,0.9198388289418009,0.9577507345305399,0.9448506915250383,0.9476309492790684,0.9510055361973433,0.7283426980805472,0.9210216360345149,0.8936401143587793,0.9143724407977654,0.6318279909694997,0.8847705925935074,0.9275351406031458,0.893867080453651,0.8346529353016217,0.8208346704679665,0.854445595680424,0.8752094979807741,0.8533127921327867,0.9544812740380654,0.8266043037175774,0.9140448003462165,0.6318279909694997,0.8685429951290897,0.6318279909694997,0.8147258232741595,0.8533127921327868,0.742858166814619,0.6266063807470668,0.708516805496505,0.6619912307870401,0.9504253805154326,0.8489139945566554,0.8208346704679665,0.6457697586995059,0.876439587356957,0.9325304679050997,0.876439587356957,0.8208346704679665,0.9795008937338174,0.876439587356957,0.7084990797492638,0.7274125541296727,0.7511248879224109,0.8380393677495476,0.9538279377987922,0.9883740050573415
p16_R,0.6655821622763812,0.4828581723355365,0.9003092081702945,0.664808962069678,0.24052312118362817,0.36134259046552586,0.6316075271338367,0.9544812740380658,0.0,0.6629342843316899,0.8726962948499948,0.828670291055045,0.5084488073904117,0.34478342835336584,0.8412269488975954,0.34478342835336584,0.8747000029029439,0.3663871833168142,0.993271844770028,0.9507955677034949,0.27407613870262126,0.5017441866874696,0.6282386988028759,0.93534328308826,0.6318748002792428,0.3273890677216913,0.828445358196213,0.6009051456046648,0.34478342835336584,0.4386246552206845,0.5630323049119967,0.4161049773266269,0.7181225621586123,0.9322915453679637,0.3663871833168142,0.3663871833168142,0.3127442924988788,0.7467556303072254,0.07174139728884266,0.6751380845778048,0.5351062432304983,0.05422906842587305,0.34478342835336584,0.6210711546154846,0.8804730368032205,0.9216258361539471,0.6915059508187278,0.6316075271338367,0.46388572369834424,0.5084488073904119,0.4585050343717505,0.5630323049119967,0.2740761387026214,0.6648089620696782,0.8795269870205784,0.4342828101393228,0.4410079550913839,0.8883659173132837,0.5630323049119967,0.5924946551754123,0.7582073668579219,0.9438368202345044,0.9754513255122641,0.8700284782937422,0.34478342835336573,0.5084488073904119,0.5924946551754123,0.7025668423953569,0.6316075271338367,0.6223249943579396,0.859977621189199,0.9125418059571782,0.6012835790442689,0.5831335392997308,0.8701224745666243,0.7065914157691773,0.3397314066057572,0.39686604253005164,0.08858944378103495,0.37078003411415694,0.6316075271338366,0.6655821622763812,0.6599286322392285,0.05422906842587327,0.8705452657149619,0.9973125233611304,0.3663871833168142,0.9460828814127829,0.9330946902924525,0.9312423838494626,0.8908965575289414,0.8717738893781475,0.8368876961814884,0.7925849474554781,0.563032304911997,0.881231521993193,0.7467556303072256,0.5999576026500881,0.7620874928660033,0.505504997525408,0.8882615707235206,0.18409875023485855,0.5148646849626182,0.8787267860569045,0.7544982367770687,0.8939894311364895,0.6009051456046641,0.7082252029731881,0.7470285501844367,0.7020344511436931,0.3663871833168142,0.44100795509138335,0.4044562694777949,0.035870698644421384,0.05411740815732369,0.39317211462353396,0.5630323049119967,0.06967305780342326,0.27390476126274654,0.434282810139322,0.42648774787152344,0.4658227713364381,0.5158770524591139,0.652907972637111,0.39686604253005153,0.8812315219931932,0.9490559520066086,0.8633143833785816,0.35683081034035213,0.6238614529984362,0.27292947770965537,0.5924946551754123,0.5924946551754124,0.34836524922600376,0.4336006273539872,0.41795781708380164,0.3663871833168142,0.33092191075355437,0.4386246552206843,0.37078003411415694,0.681543274244004,0.4152658820560312,0.5578784406287824,0.5924946551754123,0.5351062432304983,0.5924946551754123,0.34478342835336584,0.37078003411415694,0.6234172258165445,0.8270187806284481,0.9583116149755038,0.926863099430461,0.697117835684844,0.39493865383394144,0.3663871833168142,0.9973125233611304,0.5630323049119967,0.24052312118362817,0.5630323049119967,0.3663871833168142,0.7634930638934795,0.5630323049119967,0.7915038121034339,0.8428520166976394,0.8608967674661103,0.3127442924988786,0.9689803022187748,0.07174139728884266
p19_L,0.9562663422325124,0.8561113842327615,0.8298473045174855,0.6967432834438527,0.7816703702924115,0.8759503265098363,0.5987823411711574,0.9827239962402265,0.6629342843316899,0.0,0.35125087986539705,0.859516921406281,0.6074749120992387,0.8176937148020442,0.636461096214926,0.8176937148020442,0.6100601613823606,0.8237047048840183,0.9604900508955125,0.9110207499263108,0.352270578959646,0.8715923616780112,0.6105478465870555,0.9295821209780473,0.6662852911226977,0.9291133280850101,0.784789987592702,0.6376623039315898,0.8176937148020442,0.9628525928663783,0.5987823411711577,0.46560488667968125,0.15111875481581372,0.8867212279352338,0.8237047048840183,0.8237047048840183,0.30580349293490583,0.7799358471759483,0.697117835684844,0.7109004457813224,0.5731410198238116,0.685774963223212,0.8176937148020442,0.7419545717164684,0.3289642331099327,0.8755958335936703,0.11010158337078157,0.6641321871167647,0.5095841570136601,0.8632316766896304,0.7891814893221079,0.5987823411711577,0.6856503571447248,0.6349421516338324,0.324571030556037,0.4805663461473484,0.8938172782045151,0.990881416844799,0.5987823411711577,0.625834261322606,0.33257618752808593,0.3225486014842148,0.9902958019743364,0.6421867763339326,0.8176937148020442,0.8632316766896304,0.625834261322606,0.7296383681976418,0.6641321871167646,0.8361379044914377,0.6546348187298915,0.9047489445529262,0.21880165460020784,0.2193079563801379,0.7847899875927019,0.724335070441875,0.3056492126647977,0.36731430807327614,0.7081254454475907,0.8118003019975397,0.6641321871167646,0.9562663422325124,0.6939096719133286,0.7203316808227054,0.2729633770694555,0.5466899906456142,0.8237047048840183,0.8706487938860037,0.6398767468023823,0.6302130015232761,0.9223804574322307,0.40290258260999035,0.8606754426315443,0.7208493521858061,0.6641321871167647,0.8706487938860037,0.7311587411376275,0.6349421516338322,0.7408885736026398,0.4850500393449285,0.2365376344298007,0.6413164545218962,0.5565270640168726,0.7839060491696156,0.5871385880776145,0.8966720574033304,0.8561113842327615,0.6778973390473977,0.7292266306949369,0.6700801739729602,0.8237047048840183,0.44764564912156435,0.8540255770550185,0.6629342843316899,0.732707123922594,0.8176937148020442,0.6641321871167646,0.6853290517310622,0.2943661721338908,0.8425958624688934,0.4272975022511518,0.8710840654464382,0.5752219055641916,0.21349718596726164,0.3390928508607767,0.8706487938860037,0.31079265524135413,0.7074036086665734,0.3814158057281092,0.8953438844636035,0.7507882187219299,0.625834261322606,0.886616442825032,0.3724917188219987,0.43493951636276096,0.4238998133369133,0.8237047048840183,0.3251428088931856,0.3645838253459448,0.8118003019975397,0.08181391132806914,0.8715923616780112,0.7945381877889319,0.625834261322606,0.5731410198238116,0.625834261322606,0.8176937148020442,0.8118003019975398,0.7815570692722709,0.8061170308116501,0.5232687053772038,0.9249999999999998,0.09772727272727266,0.4037431776099698,0.8237047048840183,0.5191584505294577,0.5987823411711577,0.7816703702924115,0.5987823411711577,0.8237047048840183,0.7549629497027271,0.5987823411711577,0.8269712878249724,0.21972104612971743,0.2527316680938403,0.30580349293490583,0.9562663422325124,0.697117835684844
p19_V,0.9445166414282348,0.7782060718057169,0.7794921044219345,0.8289222670857379,0.9384979194647409,0.7938911065572325,0.7397103968523235,0.5896193777541177,0.8726962948499948,0.35125087986539705,0.0,0.7281714024939693,0.7071965129473718,0.7584766177564657,0.8823143911342042,0.7584766177564657,0.9112568545914828,0.7282535118052968,0.7400101232593653,0.8212927161773675,0.6607927381606966,0.7808971460567877,0.7697726566421148,0.606150806145296,0.757558712720424,0.8392633915066591,0.8655359506017295,0.7882876139963659,0.7584766177564657,0.863546956587553,0.7397103968523235,0.6631475823419835,0.4743008861372505,0.8285857326035502,0.7282535118052968,0.7282535118052973,0.6459937134941416,0.8028057145271041,0.9019693393497286,0.8215891821338017,0.7230756121891444,0.8885115812329298,0.7584766177564657,0.9440820642277343,0.5637122841098707,0.9821148367987258,0.4556689460481824,0.7956726615290739,0.692291454579085,0.83954368909516,0.710324691228637,0.7397103968523235,0.9203285434825836,0.7230756121891444,0.5454909299255584,0.6630178740947907,0.7761736603407263,0.9245160150871738,0.7397103968523235,0.757260306248527,0.537318604140955,0.5605040012789284,0.5453145078006245,0.3636038969321068,0.7584766177564659,0.789181489322108,0.757260306248527,0.840173845001801,0.7956726615290739,0.7474183926838093,0.7759446425258896,0.9934745495435681,0.525119632290022,0.5172633458234723,0.8995474454495274,0.8848618630375974,0.656692384227179,0.7352825325035658,0.8571734652563818,0.7484041634542977,0.7397103968523235,0.9445166414282348,0.8364549822405789,0.9181041862143128,0.5577026066920767,0.36726978668035604,0.7282535118052968,0.9593844231210744,0.6855727450665476,0.6927777777777777,0.9015268072165339,0.458530252804664,0.6729351093970546,0.8633998096892053,0.7956726615290739,0.8006144407761836,0.8863461507372964,0.7759989396374412,0.7521885289497072,0.8760438346199435,0.5334003214563365,0.8483649206848507,0.6772513878160489,0.8582831122665282,0.528595479208968,0.5305235152344767,0.8263734400499297,0.664414168002398,0.8553249435596812,0.8154160462365572,0.7282535118052968,0.6222930518249761,0.9630029963302028,0.8726962948499948,0.9211189362253385,0.7189880039295761,0.7397103968523235,0.8706019514595478,0.6218868687584824,0.7573728693482488,0.753948423940284,0.8094000325856596,0.7280055547242381,0.530695439215549,0.6144454719691002,0.9876922494306288,0.5760939746333491,0.9642835576910618,0.7043136233000964,0.8386801426186404,0.8591602355742568,0.757260306248527,0.884872030963587,0.6929337212659108,0.6927777777777775,0.6355889484907449,0.7282535118052968,0.6697639018227923,0.5965008164122731,0.7484041634542977,0.40432758285425296,0.7808971460567877,0.785448614131415,0.757260306248527,0.7230756121891444,0.757260306248527,0.7584766177564657,0.7484041634542979,0.9862772059827811,0.7658726941095069,0.8094841311168637,0.9792400281556926,0.43493951636276074,0.5846972213353325,0.7282535118052973,0.461576196291256,0.7397103968523235,0.9913897087250638,0.7397103968523235,0.7282535118052973,0.8102722042731938,0.7397103968523235,0.5965008164122734,0.5155615424627698,0.5214197608531883,0.6459937134941414,0.9958387481071176,0.9019693393497286
p25_E,0.9317872341333752,0.9134350632247558,0.8976343107615405,0.4654389032467092,0.7659194199556616,0.8289340323596366,0.9268554990630928,0.7737900654322956,0.828670291055045,0.859516921406281,0.7281714024939693,0.0,0.4995361394526894,0.8903225806451612,0.8241512329295348,0.8903225806451612,0.8878641329134156,0.8939388568434427,0.8211760008491096,0.9377021161209247,0.9117025757672439,0.8731693195422481,0.9093037682612286,0.836981080268445,0.9177187076469606,0.8798699063981279,0.6835911888266066,0.5292163598907846,0.8903225806451612,0.8764963521344272,0.42560053676017096,0.6365846124194432,0.8920163625222957,0.9760838194118464,0.8939388568434427,0.8939388568434425,0.9434553911081776,0.5499924014262241,0.828670291055045,0.599876319171625,0.4654389032467092,0.8219651505229666,0.8903225806451612,0.8296114497258806,0.850861561443144,0.5838491491336506,0.8762794767694635,0.42560053676017096,0.599876319171625,0.9177187076469606,0.8731693195422481,0.42560053676017096,0.7829978556991587,0.9221809250206913,0.8386354313379358,0.5787955316588858,0.8832949371938486,0.9268554990630931,0.42560053676017096,0.9317872341333752,0.8762794767694636,0.8764963521344272,0.5881406110091296,0.7077860470350528,0.8903225806451611,0.9177187076469606,0.9317872341333752,0.5321041140056209,0.6106130979535236,0.9014188032741685,0.9370377567659278,0.9426959419368562,0.8816295742076603,0.9069035749641643,0.8666376085136933,0.7737900654322956,0.956273685237689,0.8650559402187256,0.8351797030028125,0.8867770401999213,0.926855499063093,0.9317872341333752,0.5292163598907846,0.8219651505229668,0.8079056378532803,0.7000031488811547,0.8939388568434427,0.9903361933032231,0.8399018880181137,0.846637243974638,0.873169319542248,0.7829441648966735,0.545948940427575,0.9067340727987356,0.42560053676017096,0.9221809250206914,0.8976343107615405,0.4654389032467092,0.9790040498995783,0.953081298295498,0.8219651505229668,0.7496667854634083,0.5554106287315137,0.9177187076469606,0.863633488616358,0.7405402587412907,0.9134350632247558,0.8308879840965859,0.9645097674526835,0.9822532568937019,0.8939388568434427,0.6816806181665025,0.8693475168598661,0.828670291055045,0.8079056378532803,0.8903225806451612,0.926855499063093,0.841507108496947,0.9256739756615641,0.9053039801593222,0.999309853827607,0.8939388568434425,0.7229675685556993,0.8536647912820439,0.9449539721718381,0.9221809250206914,0.8539651929348623,0.9573097564659601,0.8428943759778487,0.9370377567659278,0.6784886712746061,0.9317872341333752,0.9317872341333752,0.8383022462012519,0.8466372439746381,0.6677313140507497,0.8939388568434427,0.9520442684857559,0.7069815413385432,0.8867770401999213,0.8286702910550452,0.8731693195422481,0.9877281674735179,0.9317872341333752,0.4654389032467092,0.9317872341333752,0.8903225806451612,0.8867770401999213,0.8477788261141331,0.9690134900367069,0.8762794767694637,0.9978552201741417,0.859516921406281,0.6816806181665025,0.8939388568434425,0.7779479500781962,0.42560053676017096,0.8970655429772452,0.42560053676017096,0.8939388568434425,0.6816806181665025,0.42560053676017096,0.7069815413385432,0.8150491663998085,0.7802816047848773,0.9434553911081776,0.9317872341333752,0.828670291055045
