,p1_P,p1_Q,p7_S,p11_I,p11_V,p14_N,p16_R,p19_L,p19_V,p24_Y,p25_E,p27_T,p31_M,p32_V,p35_I,p35_W,p36_K,p36_M,p37_Y,p38_K,p39_I,p42_IL,p46_L,p49_I,p50_F,p52_T,p56_F,p56_G,p56_V,p60_V,p60_Y,p64_Q,p64_T,p69_R,p70_T,p81_V,p83_G,p84_L,p84_T,p85_I,p87_C,p87_V,p88_I,p93_V,p94_S,p94_T,p96_T,p96_Y,p97_T,p98_C,p100_V,p100_Y,p103_M,p104_S,p104_V,p108_L,p108_T,p109_G,p110_R,p111_T,p111_V,p112_M,p112_V,p122_Q,p123_V,p124_S,p144_S,p145_S,p147_R,p150_G,p151_KA,p153_S,p154_G,p154_I,p154_M,p155_M,p157_I,p157_V,p158_L,p158_VMF,p162_V,p165_L,p165_S,p166_S,p169_V,p173_L,p179_L,p183_M,p185_T,p185_V,p195_N,p198_Y,p205_M,p209_S,p209_V,p210_V,p213_F,p216_V,p218_L,p218_T,p218_V,p222_T,p225_S,p228_L,p228_M,p232_E,p242_T,p255_L,p256_L,p259_I,p259_L,p260_G,p261_Y,p262_MV,p263_L,p263_V,p264_C,p266_V,p269_T,p270_VAFYT,p271_V,p271_Y,p273_G,p274_W,p277_F,p277_L,p277_T,p279_Q,p279_R,p282_S,p284_S,p284_T,p285_P,p286_L,p286_M,p286_Q,p287_F,p287_S,p287_T,p288_M,p289_S,p290_V,p292_S,p295_S,p297_T,p301_Y,p303_P,p304_V,p308_L,p309_M,p315_S,p319_N,p319_T,p320_T,p322_F,p326_N,p326_S,p328_L,p332_GAP,p333_GAP,p333_S,p334_S,p336_V,p338_T,p349_S,p350_Q
p1_P,0.0,0.9584009850530111,0.9531398702403722,0.7233206407123659,0.7793786585133082,0.9674751598317539,0.6639292809007576,0.9175058001695204,0.9831324811509847,0.8435765831537665,0.9310672610481345,0.7588696287910071,0.5716864304576529,0.8549830446351828,0.43963434987880534,0.7725813586796242,0.9118865778937197,0.7141532084662705,0.9001296646289432,0.7023209170282139,0.770756882693726,0.9642400730073923,0.8626162899455019,0.9330863535688825,0.941489444475037,0.43963434987880534,0.7078592534736063,0.522233457047045,0.9557120185333945,0.9436946729423186,0.9175058001695204,0.99279985253947,0.7141532084662705,0.6949050165633834,0.7327859982544336,0.9372144205608706,0.6778403869674465,0.9393312326408946,0.9506654527228711,0.671043224136554,0.43963434987880534,0.6316901115730891,0.9310672610481345,0.9118865778937197,0.9584009850530111,0.9482739399888128,0.2523328205811598,0.5222334570470453,0.6965669575454958,0.9674751598317539,0.9482739399888127,0.7309024693974783,0.9557120185333945,0.9674751598317539,0.8998462898412682,0.8764203336891123,0.8344788222795264,0.43963434987880534,0.9642400730073923,0.9674751598317539,0.9612320721782823,0.9506654527228711,0.9531398702403722,0.9063227412903121,0.7131966366782092,0.9393312326408945,0.7617495330032811,0.6843456302228333,0.6778403869674465,0.4636927950696531,0.514492753623188,0.9612320721782823,0.10881937939005648,0.7459160969757801,0.9482739399888129,0.6778403869674465,0.9232187691812461,0.8390847433996291,0.5716864304576533,0.7717391304347824,0.9124677587415965,0.9553799534071858,0.9393312326408945,0.8859215129279014,0.8840392962895613,0.9459535374876396,0.9584009850530111,0.9436946729423187,0.9531398702403724,0.9557120185333943,0.9232187691812461,0.929073682035864,0.9632089935660139,0.941489444475037,0.8344788222795264,0.8435765831537665,0.30321649963793507,0.7131966366782092,0.7141532084662705,0.9436946729423186,0.8703383511949705,0.6843456302228333,0.6639292809007575,0.7309024693974783,0.6455503742014387,0.6905811757770917,0.718346388849185,0.6724077572924617,0.7826623791458553,0.8066075117501874,0.9175058001695204,0.7540498152394617,0.9584009850530111,0.9710144927536231,0.9459535374876396,0.8897967449989168,0.7327859982544336,0.9831324811509846,0.9710144927536231,0.9612320721782823,0.7459160969757801,0.9674751598317539,0.10881937939005626,0.7540498152394617,0.9351341874903385,0.6949050165633834,0.7690598923241498,0.7327859982544336,0.9393312326408947,0.4636927950696531,0.9632089935660139,0.669452390599877,0.7281304660719394,0.5668221836301335,0.9674751598317539,0.9482739399888127,0.7327859982544336,0.9584009850530111,0.43963434987880534,0.4636927950696532,0.7815605927068047,0.9156243672980939,0.9044747829309894,0.9118865778937197,0.8989359576866072,0.9393312326408946,0.7141532084662705,0.8344788222795264,0.737296531253633,0.8921292172433897,0.9557120185333945,0.9557120185333945,0.8496367563132741,0.7141532084662705,0.9372144205608706,0.7281304660719392,0.9557120185333945,0.8390847433996291,0.9232187691812463,0.8390847433996291,0.9232187691812461,0.9156243672980939,0.7327859982544337,0.6564706382850973,0.9359504727186099,0.9831324811509846
p1_Q,0.9584009850530111,0.0,0.9327479342790435,0.6029191863127288,0.6833717483665271,0.9533214547253983,0.5176827250866128,0.8816071279133135,0.7786725502098389,0.7953654748332671,0.9010700756891539,0.922434353735017,0.156797472705829,0.6633830128466376,0.19578226259660914,0.6736164946468972,0.8735426110685824,0.11227273248337344,0.7953654748332671,0.5727810965427496,0.26118864553662324,0.9486785680573293,0.8028315682229699,0.903967808657427,0.916027639152535,0.19578226259660914,0.5807295287925298,0.3143256941292434,0.9364393940964553,0.9191925081055683,0.8816071279133135,0.7657761092880704,0.11227273248337344,0.1860711299573854,0.6165035457832801,0.909892270114742,0.5376474717539204,0.9129302468735546,0.9291967343493444,0.5278924146560406,0.19578226259660914,0.47141416489407595,0.9010700756891539,0.8735426110685824,0.9402985074626864,0.9257645165473793,0.6323890602168499,0.4109187015038942,0.5645232094376036,0.9533214547253983,0.9257645165473793,0.156797472705829,0.9364393940964553,0.9533214547253983,0.8602554988691238,0.8226426626826369,0.7624496308617168,0.19578226259660925,0.14036601496026424,0.9533214547253983,0.9443615874922799,0.9291967343493444,0.35101756579276866,0.9175012434132469,0.9245380859597381,0.9129302468735545,0.6580710265485357,0.5469835757977253,0.5376474717539204,0.2303101255244,0.9584009850530111,0.9443615874922802,0.8809697095497655,0.6353474172505635,0.9257645165473793,0.5376474717539204,0.8898061868875247,0.7690598923241501,0.156797472705829,0.9584009850530111,0.7521951383306797,0.8114460973418647,0.9129302468735545,0.9023252010492582,0.8335771388814706,0.44212400570954646,0.9402985074626866,0.9191925081055683,0.9327479342790435,0.9364393940964553,0.8898061868875247,0.8982089588411883,0.5397112598114313,0.9846050671779648,0.8708965385118026,0.7755064280871284,0.6623134328358204,0.5883895597803896,0.11227273248337344,0.9191925081055683,0.6880844326233169,0.5469835757977253,0.5176827250866128,0.156797472705829,0.9443615874922799,0.555932618866366,0.5957803090853027,0.2649253731343275,0.6880844326233169,0.7224496731777927,0.9594394790073388,0.6470206532836427,0.9402985074626866,0.9584009850530111,0.922434353735017,0.7184404993866963,0.6165035457832801,0.7302571705682415,0.9584009850530111,0.9443615874922799,0.6353474172505633,0.9533214547253983,0.8809697095497655,0.6470206532836427,0.9069067903072392,0.18607112995738528,0.7325084074049801,0.6165035457832801,0.9129302468735547,0.2303101255244,0.8898061868875247,0.3374431626083966,0.6098220842101016,0.3783179192033429,0.9533214547253983,0.9257645165473793,0.6165035457832801,0.9402985074626866,0.19578226259660914,0.2303101255244,0.2890340114914629,0.8789069593954759,0.8629054548229493,0.8735426110685824,0.8549563210654707,0.9129302468735547,0.11227273248337344,0.7624496308617168,0.6229769094562942,0.555932618866366,0.9364393940964553,0.9364393940964553,0.45821375219699645,0.11227273248337344,0.909892270114742,0.6098220842101016,0.9364393940964553,0.7690598923241501,0.8898061868875247,0.7690598923241501,0.8898061868875247,0.8789069593954759,0.6165035457832803,0.5069783346815809,0.6470206532836429,0.778672550209839
p7_S,0.9531398702403722,0.9327479342790435,0.0,0.6760328718830708,0.7571418287305083,0.9474179210410167,0.5932335017432164,0.5722400462279784,0.8067776220649188,0.7556734642755879,0.4784523775303686,0.32384777139197285,0.9202420965971629,0.8002119076352001,0.9163757989992909,0.8513191384993118,0.6030373253322615,0.9242424242424243,0.8023600634585968,0.6464835158014932,0.9089726148431976,0.9421878387421401,0.8278688283906562,0.46138950118499666,0.2886642365515608,0.9163757989992909,0.5909734184366666,0.9889658146311906,0.16785761413344258,0.3524051741701766,0.5020992685886863,0.823067521654906,0.9242424242424243,0.9284007507380592,0.6894746643801501,0.33843377109860295,0.6124294712867822,0.4017019488912248,0.2560762828062665,0.6030373253322615,0.9163757989992909,0.9450365665102787,0.320205021994711,0.6030373253322616,0.11227273248337388,0.2919817648606631,0.9373248805758039,0.9889658146311907,0.6384446719628387,0.9474179210410167,0.2919817648606646,0.9767977008282656,0.16785761413344258,0.9474179210410167,0.5187498243099216,0.7945036764247779,0.8270335317893642,0.9163757989992909,0.9421878387421398,0.9474179210410167,0.17268842360060976,0.359036485380838,0.9242424242424243,0.6301055140536372,0.6617433896912959,0.9889658146311906,0.6730123272897759,0.6214424942971462,0.5458011237355991,0.9919345658615343,0.8805066691129491,0.9373248805758039,0.9474179210410167,0.6487489129738293,0.2919817648606646,0.6124294712867822,0.46313664213031613,0.7639257706548801,0.9202420965971629,0.8805066691129491,0.783662421082356,0.6433271082015715,0.9889658146311906,0.589229039038607,0.6550538936190119,0.9126244634999567,0.11227273248337344,0.9063718324101462,0.10757575757575777,0.9284007507380592,0.5365803770219295,0.4943829754811596,0.5365803770219297,0.3782118237941833,0.7168934488929057,0.755673464275588,0.9478796490662589,0.6617433896912959,0.9242424242424243,0.3524051741701766,0.7053332180297645,0.621442494297146,0.5932335017432164,0.9767977008282656,0.9373248805758039,0.6301055140536374,0.6690012437101316,0.9327479342790435,0.7053332180297646,0.742843154463553,0.5020992685886863,0.7200082738533438,0.9478796490662588,0.8805066691129491,0.9126244634999567,0.7611443919510243,0.6894746643801501,0.8067776220649188,0.8805066691129491,0.9355341628779696,0.5892290390386075,0.9474179210410167,0.9474179210410167,0.7200082738533439,0.44304022365860496,0.9284007507380592,0.6842715514434421,0.6894746643801501,0.4017019488912248,0.9919345658615343,0.5365803770219295,0.8984961562154896,0.6828528834697223,0.9726709260643549,0.9474179210410167,0.2919817648606646,0.6287383039696559,0.9327479342790435,0.9163757989992909,0.9919345658615344,0.9054074782648351,0.5829814655018505,0.8455668196826196,0.6030373253322616,0.6617433896912959,0.4017019488912248,0.9242424242424243,0.7168934488929057,0.6959105091088843,0.6301055140536374,0.16785761413344258,0.16785761413344258,0.5365803770219297,0.9242424242424243,0.4232193347303701,0.6828528834697223,0.16785761413344258,0.8190615281664048,0.5365803770219297,0.7398524117413972,0.5365803770219295,0.5829814655018505,0.6894746643801501,0.5829814655018506,0.720008273853344,0.7506808026644116
p11_I,0.7233206407123659,0.6029191863127288,0.6760328718830708,0.0,0.20261004631959167,0.6895361581154353,0.2941369604849393,0.7352537039785887,0.9231807189370782,0.7102948642041161,0.7955749347956618,0.5935239023861743,0.5290801428673374,0.9488137062512799,0.5062521065882706,0.9015689246005854,0.9706029872379863,0.552699541607993,0.9413453035301635,0.4000437852545101,0.5683928397898248,0.7370876679088392,0.7617312273869401,0.7783899242352939,0.698152161953487,0.5062521065882706,0.41561249542448886,0.6204861971482483,0.5772518233968548,0.5683928397898245,0.7352537039785885,0.9581845651799116,0.552699541607993,0.5772518233968549,0.4868247563072625,0.5950938608339447,0.3321430229420802,0.6204861971482485,0.6471218369764951,0.3135253130944605,0.5062521065882706,0.6216217841983689,0.5687908780845997,0.7773448477840079,0.6713481614869915,0.5629771881938253,0.6299431526435382,0.52068812306501,0.2730355695815001,0.6895361581154353,0.5062521065882706,0.5881009899219166,0.5772518233968548,0.6895361581154353,0.6563207416176462,0.9820029926088976,0.966875496521189,0.5062521065882706,0.65865583774719,0.6895361581154353,0.7028253611381536,0.6471218369764957,0.7993662021581484,0.7408715509272047,0.6823145691680718,0.6703852341898668,0.4057282852953761,0.35005148777032147,0.3321430229420801,0.5388133755035547,0.9140413641048127,0.775707569632769,0.6895361581154353,0.4228579587933621,0.6764273514049348,0.3321430229420801,0.8986021922137595,0.9557070988157242,0.5290801428673374,0.9140413641048126,0.9297702862087351,0.7571762659060237,0.8200823453147249,0.8322876166685124,0.7069771265428924,0.8670765367992701,0.6029191863127294,0.7271706033904588,0.6143662067455321,0.836281989859192,0.8986021922137595,0.9007784484701644,0.3933920621910876,0.5441555403872417,0.6827606277566232,0.9319783938277564,0.671348161486991,0.4306975825171263,0.552699541607993,0.46254099738940146,0.4419866753917443,0.35005148777032125,0.2941369604849393,0.5881009899219166,0.6299431526435384,0.367305664954241,0.4453322827008368,0.6029191863127288,0.4744878616486645,0.5555223645287035,0.6950462451175827,0.48192898149806074,0.849649012293169,0.8952379125027405,0.9217870636818893,0.9283968150753987,0.4868247563072625,0.5426573034393485,0.8952379125027405,0.8598813878941554,0.4228579587933621,0.6895361581154353,0.6895361581154353,0.48192898149806085,0.5705199869938314,0.5772518233968549,0.5617205916061534,0.4868247563072625,0.5206881230650098,0.5388133755035547,0.6459971272024234,0.6922987158831072,0.47336926339526286,0.5003166038353974,0.6895361581154353,0.6764273514049348,0.4868247563072625,0.808206111835517,0.5062521065882706,0.5388133755035547,0.6981521619534865,0.9480565744442386,0.9755248365116981,0.7773448477840081,0.922287308951871,0.5206881230650098,0.552699541607993,0.903738859017952,0.4999368201421033,0.4420188421488338,0.5772518233968548,0.5772518233968548,0.267089529685419,0.552699541607993,0.6436962883585262,0.47336926339526286,0.5772518233968548,0.8292831396565858,0.8986021922137597,0.5132232417587392,0.8986021922137595,0.9480565744442385,0.48682475630726263,0.2739091051345178,0.6167888983216636,0.632875296315571
p11_V,0.7793786585133082,0.6833717483665271,0.7571418287305083,0.20261004631959167,0.0,0.752439251500225,0.4518794110719053,0.8544569556840309,0.704073257563735,0.5107912652498952,0.8938855201788127,0.6896049589235331,0.6244932369338012,0.6719373704301024,0.6062903901426218,0.6368762484996122,0.9216296083366321,0.6433271082015715,0.9199401776113625,0.5629306952705349,0.6691180083087427,0.8001942190162632,0.6156301696095063,0.8756093442378581,0.7915031061979461,0.6062903901426218,0.5795080084375419,0.7224152758373201,0.6629048510399409,0.6691180083087427,0.8544569556840308,0.8431840966316259,0.6433271082015715,0.6629048510399407,0.656305786378904,0.7015171359985505,0.4914113265524507,0.7224152758373202,0.7334247187630152,0.47200460488333507,0.6062903901426218,0.745050534580654,0.6846041849759161,0.9000275131986524,0.746519517652978,0.6586375480075537,0.7049203876273127,0.6303194094095155,0.4435139515877995,0.752439251500225,0.6062903901426218,0.6789589778484082,0.6629048510399409,0.752439251500225,0.6305015621965926,0.7025651767410328,0.7597640589670993,0.6062903901426216,0.7278155942721538,0.752439251500225,0.7721776989546347,0.7334247187630152,0.8709565492594449,0.8730307565516124,0.8278373106409413,0.7684632090512227,0.5972567910859543,0.5101577208937713,0.49141132655245057,0.6391168766407627,0.9553799534071858,0.8394350102819568,0.752439251500225,0.6039872758294685,0.7633318637374185,0.49141132655245057,0.9983583835787191,0.8252051676709037,0.6244932369338012,0.9553799534071858,0.9454451419256333,0.9031163875344499,0.8605590754790278,0.6354731699124561,0.8371381453214586,0.8915572880546134,0.6833717483665271,0.8156416345670334,0.7002344684660398,0.78242422969744,0.9983583835787191,0.9933565669092757,0.5321393199349194,0.6493916233824661,0.4975765844666322,0.7153657214306289,0.746519517652978,0.5956395993479915,0.6433271082015715,0.5714355908032158,0.6147402132725456,0.5101577208937713,0.4518794110719051,0.6789589778484082,0.7049203876273127,0.5282959081831411,0.6113572679757892,0.6833717483665271,0.6747258379603729,0.6518484678253003,0.8173526248171232,0.6630163228484858,0.8114460973418647,0.8686187516989363,0.9925334526201537,0.7578557581277852,0.656305786378904,0.7625991592711856,0.8686187516989363,0.8242784330814334,0.6039872758294684,0.752439251500225,0.752439251500225,0.6630163228484858,0.6813304951878916,0.6629048510399407,0.7458208936720669,0.656305786378904,0.6303194094095153,0.6391168766407627,0.7652488517568192,0.7912199226402561,0.6416647586310434,0.6189971439731012,0.752439251500225,0.7633318637374182,0.656305786378904,0.8728150562258803,0.6062903901426218,0.6391168766407626,0.7915031061979461,0.946911208301422,0.9894277261959687,0.9000275131986524,0.8072805716129939,0.6303194094095153,0.6433271082015715,0.7306321173559363,0.6706358038645475,0.5972428778568355,0.6629048510399409,0.6629048510399409,0.41558455402396965,0.6433271082015715,0.7463685293194029,0.18850288850287122,0.6629048510399409,0.6497941373429978,0.45443614266095267,0.7664609584510196,0.9983583835787191,0.946911208301422,0.6563057863789041,0.430970621017182,0.3518870500557998,0.47656411853195424
p14_N,0.9674751598317539,0.9533214547253983,0.9474179210410167,0.6895361581154353,0.752439251500225,0.0,0.6228926983744009,0.6057317940523979,0.7890973518248305,0.9454526009617131,0.9226500920714742,0.9393540868568597,0.9446413598588317,0.8613303931291649,0.9419578267133044,0.8569825235987281,0.9011273135114031,0.9474179210410167,0.8244761912134333,0.6659722214694841,0.9368193991705691,0.09046681848735971,0.845840779212109,0.9249157298939912,0.9343448969021373,0.9419578267133044,0.6721868274845946,0.9319231523262004,0.950304146609142,0.42234879241663137,0.6057317940523979,0.8007097178143481,0.9474179210410167,0.9503041466091421,0.7001573019365266,0.9295478627035699,0.6385024476720996,0.9319231523262004,0.9446413598588317,0.6308753037759047,0.9419578267133044,0.9116916455673697,0.9226500920714742,0.6308753037759047,0.9533214547253981,0.5085762661726445,0.9564982373660864,0.9319231523262004,0.6595156633378898,0.0,0.5085762661726446,0.9446413598588317,0.950304146609142,0.0,0.6659722214694841,0.8975542904341995,0.8035004304816333,0.9419578267133045,0.9598735361097364,0.0,0.9564982373660864,0.9124326965039701,0.9474179210410167,0.743262361921881,0.6781759424643952,0.4638948245688276,0.7326574866117992,0.645802026573327,0.6385024476720995,0.9393540868568597,0.9674751598317539,0.16103743491738032,0.9635036496350364,0.7148906774360522,0.9419578267133044,0.6385024476720995,0.9138432445196094,0.797875969902464,0.9446413598588317,0.9674751598317539,0.8116318422481505,0.752439251500225,0.5847312291898221,0.7148906774360524,0.7195184305757346,0.9393540868568597,0.9533214547253983,0.42234879241663137,0.9474179210410167,0.2656057221128769,0.9138432445196094,0.9204130831350525,0.5763959522214126,0.6927341175020028,0.8035004304816333,0.7920717957451442,0.9533214547253983,0.6781759424643952,0.9474179210410167,0.42234879241663137,0.7561239373614363,0.645802026573327,0.6228926983744009,0.9446413598588317,0.16103743491737932,0.6527989758000623,0.6839545153506088,0.9533214547253983,0.7561239373614363,0.782992937932772,0.6057317940523979,0.7240175795202949,0.9533214547253981,0.9674751598317539,0.3982059388103769,0.8342142773626007,0.7001573019365266,0.7890973518248305,0.9674751598317539,0.9564982373660864,0.7148906774360522,0.0,0.9635036496350364,0.7240175795202949,0.4985827062075012,0.950304146609142,0.740860491874487,0.7001573019365266,0.4638948245688279,0.9393540868568597,0.5763959522214127,0.9295478627035698,0.694933296751912,0.9249157298939912,0.0,0.9419578267133046,0.7001573019365266,0.21813436665042074,0.9419578267133044,0.9393540868568597,0.9343448969021373,0.9053215131135175,0.7490504333490373,0.6308753037759047,0.8865953321065012,0.4638948245688279,0.9474179210410167,0.8035004304816333,0.7052186025246299,0.8337257480436995,0.950304146609142,0.950304146609142,0.5763959522214126,0.9474179210410167,0.9295478627035698,0.694933296751912,0.950304146609142,0.8194358664462014,0.9138432445196094,0.8194358664462014,0.9138432445196094,0.9053215131135175,0.7001573019365266,0.6145233033907493,0.724017579520295,0.8269516732921687
p16_R,0.6639292809007576,0.5176827250866128,0.5932335017432164,0.2941369604849393,0.4518794110719053,0.6228926983744009,0.0,0.4886892329394147,0.7918211608577608,0.7992524359903095,0.8033736770315194,0.3733615435151765,0.42799356109481934,0.9635127293889407,0.4002653106475065,0.9423049554265606,0.8342495065093624,0.45668304606363364,0.885181282577483,0.1953056645698774,0.5229645975544754,0.5853836789126994,0.9129047161337043,0.7372959102006255,0.662602497175101,0.4002653106475065,0.21102762057748814,0.4623191629912774,0.4865056646267055,0.4057690488567862,0.4886892329394148,0.8911536845275838,0.45668304606363364,0.48650566462670586,0.20488758300107368,0.7025239755256716,0.1259675667085025,0.6280586974093056,0.49333942941705267,0.10675552235227248,0.4002653106475065,0.6379200666275353,0.8033736770315194,0.5346931600917364,0.593444951898229,0.4630693857861894,0.5505075943543899,0.57281218593663,0.1380508784935759,0.6228926983744009,0.4002653106475065,0.49333942941705244,0.4865056646267055,0.6228926983744009,0.6411845407464831,0.9997412250311271,0.9268974960038322,0.4002653106475065,0.5853836789126992,0.6228926983744009,0.6312002891731976,0.4933394294170528,0.6615087295830073,0.5342637691655756,0.42517992355267975,0.9042912547726873,0.2910704400690063,0.14436989325182836,0.12596756670850207,0.4339351723925383,0.8750887592728479,0.711892983992005,0.622892698374401,0.3572836719889543,0.5886775360635556,0.12596756670850207,0.6691160611885714,0.8839314247731416,0.42799356109481934,0.980668498458893,0.9547243875183948,0.8130539986718563,0.9042912547726875,0.7728146754464262,0.8194113884423821,0.7973769456567112,0.5176827250866137,0.7573556949498543,0.5249582739034254,0.7732950279423705,0.6691160611885714,0.7681614966316805,0.15637725918117784,0.4352694229111126,0.7235888485262751,0.9395041166268461,0.5934449518982287,0.2261929638853979,0.45668304606363364,0.3471712745079413,0.4252663655917175,0.060750158111951946,0.12999694842844067,0.49333942941705244,0.5505075943543899,0.1620243051215513,0.16192159821087637,0.5176827250866128,0.35329795634482497,0.49499146887795176,0.5777218864312641,0.2681594355505027,0.8762194604204581,0.9137517623550617,0.8579505745340734,0.9838464600902965,0.20488758300107368,0.5460613436280864,0.9137517623550617,0.9653362367327658,0.35728367198895405,0.6228926983744009,0.6228926983744009,0.2681594355505027,0.4054330992375904,0.48650566462670586,0.3493967780482037,0.20488758300107368,0.2965796285732487,0.4339351723925383,0.4826655877313374,0.48728017692513803,0.19103474811271326,0.583359263358076,0.6228926983744009,0.5886775360635556,0.24343519761829713,0.7449694055214613,0.4002653106475065,0.4339351723925384,0.6057692286091043,0.8120103595515527,0.8795000893679985,0.5346931600917365,0.9823434106210722,0.2965796285732487,0.45668304606363375,0.9332970418082107,0.2183089635107741,0.2447441860202233,0.4865056646267055,0.4865056646267055,0.10976464081686954,0.45668304606363375,0.6487130258755386,0.30753887160966564,0.4865056646267055,0.9411032070504901,0.7623412979171884,0.521186323427206,0.6691160611885714,0.7241994090789228,0.20488758300107368,0.06561728053419913,0.41747173461922227,0.6815506593643659
p19_L,0.9175058001695204,0.8816071279133135,0.5722400462279784,0.7352537039785887,0.8544569556840309,0.6057317940523979,0.4886892329394147,0.0,0.4650782259546484,0.9870628881499373,0.7834687692945748,0.46930278372330203,0.8595914169439127,0.648286103776615,0.8527850523802845,0.6372584087587352,0.5034031927939633,0.8666337326576838,0.8069579976882779,0.31935849708719466,0.9601500254217139,0.5665158633444283,0.9394879569647172,0.6632968893904168,0.4658898160351087,0.8527850523802845,0.33356403185469774,0.9976018564038793,0.46313823811110677,0.3776620991391082,0.18293075684380034,0.8178490762851829,0.8666337326576838,0.8739541950347816,0.27909650682909204,0.6811593892893142,0.4741005239606627,0.5483496227306117,0.4019634425388878,0.45944013380190774,0.8527850523802845,0.9412673591458973,0.7834687692945748,0.06377260287340702,0.5735664144285095,0.43749350261355646,0.8896645431265258,0.8273336610793137,0.59900724516493,0.6057317940523979,0.3729733712493598,0.8595914169439127,0.46313823811110677,0.6057317940523979,0.40264250692228165,0.9364628713549592,0.7529540230093532,0.8527850523802846,0.8982254635678224,0.6057317940523979,0.6129502227136866,0.46909481894954286,0.936774510296976,0.2893388197997805,0.18374331817571188,0.8888860133797434,0.35986515821881415,0.4882024239083571,0.4741005239606628,0.8461810710874311,0.9740296037570713,0.6958477617403177,0.9074326820818672,0.509710874995466,0.5665337653419495,0.43065798434601144,0.26079801736538644,0.5592422718989158,0.8595914169439127,0.9175058001695204,0.701711893817732,0.5205179778818605,0.8888860133797436,0.43209542822774705,0.790030329048063,0.7804464860820596,0.4957340633344852,0.738855485742296,0.5020992685886867,0.7577638233796009,0.21291175754142877,0.2918884987095298,0.45234305666121666,0.4658898160351087,0.6093285215449855,0.7607902652037395,0.8816071279133135,0.3881673901669799,0.8666337326576838,0.3174632013719102,0.6402183370677466,0.4022978662192159,0.4886892329394149,0.8595914169439127,0.6958477617403174,0.4592990515276647,0.23893653357490496,0.8816071279133135,0.4184137228721756,0.5943313723262835,0.2286634460547503,0.3383615283968012,0.8816071279133137,0.9175058001695204,0.5315315241950535,0.7970313797528406,0.27909650682909204,0.8257567250735465,0.9175058001695204,0.9445403788202114,0.6261340451470438,0.6057317940523979,0.9074326820818672,0.3383615283968012,0.21369244573610113,0.8739541950347816,0.5681723604596953,0.27909650682909204,0.2645692971896697,0.8461810710874311,0.1171392378935131,0.9871529424255767,0.30603739364571725,0.8095604236574241,0.6057317940523979,0.37297337124936014,0.3582982832548316,0.49573406333448444,0.8527850523802845,0.8461810710874311,0.9329792455840821,0.42824461780897927,0.896346038262722,0.1077356618654628,0.96055479174253,0.2645692971896696,0.8666337326576838,0.5734221461788933,0.29165457594318733,0.4592990515276647,0.46313823811110677,0.46313823811110677,0.5481155763091323,0.8666337326576838,0.6258781112417959,0.7448914791215833,0.46313823811110677,0.9734178280007963,0.7396606156049628,0.542027150985146,0.21291175754142877,0.24782403053981283,0.27909650682909193,0.563560058260854,0.7601898111087184,0.9939040253670046
p19_V,0.9831324811509847,0.7786725502098389,0.8067776220649188,0.9231807189370782,0.704073257563735,0.7890973518248305,0.7918211608577608,0.4650782259546484,0.0,0.6674999689437242,0.6343896573446277,0.649543487088825,0.7904599530784115,0.7345657853112331,0.826561394052901,0.7635718469864219,0.8100354032967969,0.7506808026644116,0.6959085155201328,0.6970240915818811,0.7953813895182197,0.768119896599684,0.8193020629551814,0.8571260086330394,0.7587384258040142,0.826561394052901,0.714519419641994,0.9010200805947896,0.7128209539132806,0.6823730719645567,0.6093496256022077,0.8399827642877148,0.7506808026644116,0.7643659109032042,0.702637096920027,0.6800729485486149,0.7934647712342593,0.6513637233689082,0.6800972237389269,0.7753632018419707,0.826561394052901,0.8785723033492099,0.9994269430365903,0.5326577916581869,0.7916409554709811,0.7154746836322385,0.9244924019183233,0.766735221783899,0.8780780560881684,0.7890973518248305,0.6645898033750317,0.7375156707601455,0.7128209539132806,0.7890973518248305,0.5984991015161418,0.46661560650219425,0.4364286671768174,0.8265613940529009,0.8097394023382022,0.7890973518248305,0.8139934778963571,0.7330415060571933,0.8059984995732452,0.6941577399460614,0.5381317075482233,0.9457817001984198,0.8095212218143977,0.7433131317927941,0.7934647712342592,0.8106014111683196,0.8975900641309782,0.7486149478500275,0.980532063245369,0.8111889350729042,0.7663595638894452,0.7592030860885405,0.6531883493597046,0.3534955433242605,0.7904599530784115,0.9831324811509847,0.6730425094126138,0.7625991592711857,0.9199334409906896,0.5357316965148808,0.6435292420152738,0.9440099062212917,0.7302571705682419,0.9672342747921332,0.7514599251560852,0.7709113022670042,0.6154220499801633,0.6198289489548747,0.7664872474983286,0.6666439539335036,0.5497013200584764,0.4686401429088638,0.9014401200153189,0.7638431543019433,0.7506808026644116,0.6348962048266271,0.8640802756441761,0.7433131317927943,0.7918211608577608,0.7375156707601455,0.7486149478500272,0.7276682344890083,0.6523825737783326,0.7786725502098389,0.8349252894530477,0.741558149509835,0.6454174755140976,0.7197122814416295,0.9628239049180589,0.8457826848090025,0.7967766966550585,0.7853590956890701,0.702637096920027,0.9475160256410255,0.8457826848090025,0.989870931964653,0.7499762153933435,0.7890973518248305,0.980532063245369,0.7197122814416295,0.5793869681278943,0.7643659109032043,0.6010011134317291,0.702637096920027,0.6066021037652782,0.8106014111683196,0.5021231518415392,0.8403435059935508,0.7177057331354829,0.7687080877461088,0.7890973518248305,0.6645898033750317,0.7651009020048735,0.7302571705682415,0.826561394052901,0.8106014111683197,0.8728836867139429,0.7730346981036682,0.9560894148363518,0.5673299931130134,0.8492229369773945,0.6066021037652782,0.7506808026644116,0.4930649936176468,0.7187102354796184,0.8281997181178493,0.7128209539132806,0.7128209539132806,0.8797861456369528,0.7506808026644116,0.7672699568136756,0.6233122027710523,0.7128209539132806,0.8242977387663213,0.5021231518415399,0.6825379598164215,0.6154220499801633,0.5595971294329454,0.7026370969200271,0.8086076262154553,0.6894684698646623,0.7199519230769227
p24_Y,0.8435765831537665,0.7953654748332671,0.7556734642755879,0.7102948642041161,0.5107912652498952,0.9454526009617131,0.7992524359903095,0.9870628881499373,0.6674999689437242,0.0,0.5593195677369243,0.8505419457030186,0.896110855027114,0.38836827804896656,0.9234139919133567,0.39143883048330363,0.8361307019202595,0.8661650823420417,0.7092907092907095,0.9022959839463222,0.924536421520746,0.9821862488763755,0.8081306418387084,0.8213472057956377,0.7639097797100762,0.9234139919133567,0.918082478703357,0.9855186007583301,0.7168711542074206,0.8297060839627454,0.9870628881499371,0.5719821118094741,0.8661650823420417,0.8329008687890838,0.9927513140598734,0.8163270022234062,0.8354202772179959,0.9250744995757079,0.7903598974203053,0.8175978646374316,0.9234139919133567,0.9835344753535535,0.5999537374650779,0.9400121319529522,0.795365474833267,0.7709577328249919,0.9866653981543116,0.7909641500767646,0.7205504330921197,0.9454526009617131,0.7201389797955373,0.896110855027114,0.7168711542074206,0.9454526009617131,0.8038990316085759,0.2991676229475836,0.36605931865240926,0.9234139919133568,0.771390193913485,0.9454526009617131,0.8174538988710942,0.8432353762237096,0.9214108913752687,0.9295308669651312,0.8732306523680156,0.7462607002437833,0.9095139002301236,0.8527636297513306,0.8354202772179959,0.9485698612234406,0.8435765831537665,0.9866653981543116,0.8244761912134333,0.8820388109791479,0.8217764858544468,0.8354202772179959,0.925096787761061,0.5942165412359892,0.8961108550271141,0.9290078338928631,0.82916770366998,0.949165099922896,0.6568538005778211,0.759772469074323,0.4105765117922636,0.9485698612234407,0.7340614609647522,0.9245364215207459,0.755673464275588,0.8329008687890838,0.925096787761061,0.9756042103983018,0.7731654494608019,0.855884570604916,0.45090340607122004,0.4539460539460536,0.9594184696926731,0.9335538124218756,0.8661650823420417,0.7348757464047446,0.904446706714501,0.8527636297513306,0.7992524359903095,0.896110855027114,0.9866653981543116,0.8696674562933697,0.9487346014384013,0.8566694887017821,0.7879783148986996,0.6973376063866699,0.9870628881499373,0.9110881373586023,0.917973502570297,0.8435765831537663,0.8553743077357152,0.5409114686525718,0.9927513140598734,0.923176888131402,0.8435765831537663,0.7907846951797173,0.6375061271694988,0.9454526009617131,0.9011665938217179,0.9714971540814659,0.8402311456622116,0.8329008687890838,0.6711286492049566,0.9927513140598734,0.7909641500767646,0.9485698612234406,0.9617515511971376,0.9659637683585944,0.9783132759568034,0.7798272438037892,0.9454526009617131,0.821776485854447,0.9927513140598734,0.9594184696926733,0.9234139919133567,0.9485698612234406,0.9938467569471762,0.9354514897031097,0.8199206463665414,0.9400121319529522,0.8410280631663312,0.7909641500767646,0.8661650823420417,0.6771543058547147,0.9930205163822576,0.8027335640462034,0.7168711542074206,0.7168711542074206,0.6977310087662678,0.8661650823420417,0.772785156339806,0.5383825882233853,0.7168711542074206,0.7262207917036918,0.5468621273772,0.6695905694486652,0.925096787761061,0.9354514897031097,0.9927513140598735,0.7803349145710473,0.5486340370214204,0.28138380772915506
p25_E,0.9310672610481345,0.9010700756891539,0.4784523775303686,0.7955749347956618,0.8938855201788127,0.9226500920714742,0.8033736770315194,0.7834687692945748,0.6343896573446277,0.5593195677369243,0.0,0.5669453944514105,0.8826735913276834,0.7828778460491117,0.8769861447842905,0.9233311394941367,0.8128024166639174,0.8885582003270018,0.9656612650184615,0.8557666584959696,0.8660958257975038,0.914956474924988,0.7053657560182396,0.6834097570495294,0.6122392254076428,0.8769861447842905,0.8636691211297831,0.8557187815500651,0.4406084472437075,0.6585443557836346,0.7834687692945748,0.9360732259718592,0.8885582003270018,0.8946752306525809,0.9005878299128182,0.5880652231645865,0.8219211050018302,0.6320828929526661,0.5114954984370828,0.8128024166639174,0.8769861447842905,0.8128403794796706,0.5819672131147542,0.8128024166639172,0.4843277695297139,0.6135314715306459,0.9078029090357467,0.8557187815500651,0.7527789365297425,0.9226500920714742,0.5407482738613507,0.8826735913276834,0.4406084472437075,0.9226500920714742,0.8557666584959694,0.527369454935636,0.6240461629579863,0.8769861447842904,0.9149564749249879,0.9226500920714742,0.531111937381797,0.587224362216487,0.8885582003270018,0.8393274003115561,0.8713811088301178,0.855718781550065,0.8613632486679499,0.8307551619658895,0.82192110500183,0.8714678111385465,0.9310672610481345,0.9078029090357468,0.9226500920714743,0.9210766200311029,0.5407482738613507,0.82192110500183,0.7504472835186276,0.6121740868482395,0.8826735913276835,0.9465771273123043,0.7222533845218349,0.8520292531382335,0.855718781550065,0.7897431830516104,0.40555087416514013,0.8714678111385467,0.3965274617038381,0.8660958257975038,0.4784523775303686,0.9777647709155448,0.7504472835186276,0.6554200194473587,0.7504472835186276,0.6122392254076428,0.907580392108033,0.6812220769213855,0.9010700756891539,0.8713811088301178,0.8885582003270018,0.5906358102952258,0.9001505245041168,0.8307551619658895,0.8033736770315194,0.8826735913276834,0.9078029090357467,0.8393274003115562,0.8789166400268478,0.9010700756891539,0.9835542040359722,0.6217141140244696,0.7834687692945748,0.8909379689825738,0.901070075689154,0.9310672610481345,0.8714678111385467,0.901502826978362,0.9005878299128182,0.9587398986345035,0.9310672610481345,0.9078029090357467,0.5708541214191223,0.9226500920714742,0.9226500920714743,0.8476787276292932,0.6674785137625452,0.894675230652581,0.5355534260005944,0.9005878299128182,0.6320828929526661,0.8714678111385465,0.7504472835186276,0.8506846224690399,0.8935086622561967,0.9597980643872417,0.9226500920714742,0.5407482738613507,0.9005878299128182,0.9010700756891539,0.8769861447842905,0.8714678111385465,0.8608513966773834,0.7936064462579941,0.8476583716994088,0.8128024166639172,0.6868974467480646,0.6320828929526661,0.8885582003270018,0.7455608325937204,0.9075361116547045,0.8393274003115562,0.4406084472437075,0.4406084472437075,0.7504472835186276,0.8885582003270018,0.6504263514275168,0.8935086622561967,0.4406084472437075,0.7338337621079227,0.7504472835186278,0.6173146365070987,0.7504472835186276,0.6918429579546443,0.9005878299128183,0.7936064462579944,0.9341972103358546,0.6332435434178088
p27_T,0.7588696287910071,0.922434353735017,0.32384777139197285,0.5935239023861743,0.6896049589235331,0.9393540868568597,0.3733615435151765,0.46930278372330203,0.649543487088825,0.8505419457030186,0.5669453944514105,0.0,0.9993567178830822,0.8209397636762283,0.9208627163617785,0.8641477316039484,0.5660886056314967,0.9126244634999567,0.757346392215293,0.5582717461087966,0.8950129206916135,0.9333219343990504,0.8064679401349759,0.4792098305677529,0.39408118933639535,0.9208627163617785,0.5675393391043397,0.9586665365977239,0.18055725744350304,0.5315961077010449,0.4693027837233019,0.7666043022299391,0.9126244634999567,0.9174204988121359,0.5017519822798744,0.4400761214877913,0.5175252737821125,0.4180683442047983,0.269874797298433,0.5062678114564214,0.9208627163617785,0.9543971581851856,0.5669453944514105,0.5062678114564212,0.3362170656169734,0.48189809618101886,0.846688450349071,0.9586665365977238,0.43421785188600426,0.9393540868568597,0.3941051721448665,0.9080106572807718,0.18055725744350304,0.9393540868568597,0.5582717461087967,0.8708595871361889,0.9666251572966493,0.9208627163617784,0.9333219343990504,0.9393540868568597,0.3954917653660268,0.26987479729843344,0.9126244634999567,0.5386896913581269,0.46522560076544295,0.8868768370042972,0.555757474808376,0.528320768135807,0.5175252737821123,0.9314251639833036,0.7588696287910071,0.9277132071594067,0.7956699234100351,0.6318462002710987,0.3063122481087145,0.5175252737821123,0.4264162259539097,0.7619635399622307,0.9993567178830822,0.9064580456516838,0.7846759530343757,0.6896049589235331,0.9641051502032867,0.7374579973650461,0.7438616666653717,0.8992248062015504,0.23031012552440155,0.9411610874205745,0.22840680075346398,0.9174204988121359,0.4264162259539097,0.581936808266839,0.42641622595390993,0.39408118933639524,0.7711930886832139,0.8505419457030183,0.8657517660798373,0.5764900178955634,0.9126244634999567,0.36777011581323316,0.6450534377774961,0.411429928825658,0.4945088012699007,0.9080106572807718,0.846688450349071,0.5386896913581272,0.474827843889595,0.922434353735017,0.5947516295583388,0.737871389159088,0.593760264666805,0.5414005583003846,0.9224343537350173,0.9459535374876396,0.8992248062015502,0.823174935940512,0.5017519822798744,0.7476989601329807,0.9459535374876396,0.9277132071594065,0.6318462002710985,0.9393540868568597,0.7956699234100351,0.5414005583003846,0.46038144800164604,0.9174204988121359,0.5693883924124352,0.5017519822798744,0.2636117178068197,0.9314251639833036,0.4915753426855457,0.8914054918684929,0.49307126320749295,0.9813101491086391,0.9393540868568597,0.3063122481087145,0.5017519822798744,0.922434353735017,0.9208627163617785,0.9314251639833036,0.890901045171373,0.5435786559257297,0.8218833978159641,0.5062678114564214,0.743386643590744,0.2636117178068198,0.9126244634999566,0.7711930886832139,0.5101623354463685,0.5386896913581269,0.18055725744350304,0.18055725744350304,0.5567344594171817,0.9126244634999566,0.44007612148779096,0.6016442354918607,0.18055725744350304,0.7619635399622307,0.5567344594171824,0.6999569367686009,0.4264162259539097,0.4822038160975608,0.5017519822798744,0.4822038160975609,0.7501220990739277,0.9087568842124751
